1 2 3 4 5 6
73.50000000000000000000
1 2 3 4 6 5
74.78333333333333143855
1 2 3 5 4 6
74.08333333333332859638
1 2 3 5 6 4
76.65000000000000568434
1 2 3 6 4 5
75.95000000000000284217
1 2 3 6 5 4
77.23333333333332006987
1 2 4 3 5 6
73.50000000000000000000
1 2 4 3 6 5
74.78333333333333143855
1 2 4 5 3 6
74.66666666666665719276
1 2 4 5 6 3
78.51666666666666571928
1 2 4 6 3 5
76.53333333333333143855
1 2 4 6 5 3
79.10000000000000852651
1 2 5 3 4 6
74.08333333333334280724
1 2 5 3 6 4
76.65000000000000568434
1 2 5 4 3 6
74.66666666666665719276
1 2 5 4 6 3
78.51666666666666571928
1 2 5 6 3 4
78.39999999999999147349
1 2 5 6 4 3
79.68333333333332291204
1 2 6 3 4 5
75.95000000000000284217
1 2 6 3 5 4
77.23333333333332006987
1 2 6 4 3 5
76.53333333333333143855
1 2 6 4 5 3
79.09999999999999431566
1 2 6 5 3 4
78.40000000000000568434
1 2 6 5 4 3
79.68333333333333712289
1 3 2 4 5 6
72.91666666666665719276
1 3 2 4 6 5
74.20000000000000284217
1 3 2 5 4 6
73.50000000000000000000
1 3 2 5 6 4
76.06666666666666287711
1 3 2 6 4 5
75.36666666666667424579
1 3 2 6 5 4
76.65000000000000568434
1 3 4 2 5 6
72.91666666666665719276
1 3 4 2 6 5
74.20000000000000284217
1 3 4 5 2 6
74.66666666666665719276
1 3 4 5 6 2
79.79999999999999715783
1 3 4 6 2 5
76.53333333333333143855
1 3 4 6 5 2
80.38333333333332575421
1 3 5 2 4 6
73.50000000000000000000
1 3 5 2 6 4
76.06666666666666287711
1 3 5 4 2 6
74.66666666666665719276
1 3 5 4 6 2
79.79999999999999715783
1 3 5 6 2 4
78.40000000000000568434
1 3 5 6 4 2
80.96666666666666856145
1 3 6 2 4 5
75.36666666666667424579
1 3 6 2 5 4
76.65000000000000568434
1 3 6 4 2 5
76.53333333333333143855
1 3 6 4 5 2
80.38333333333333996507
1 3 6 5 2 4
78.40000000000001989520
1 3 6 5 4 2
80.96666666666666856145
1 4 2 3 5 6
72.33333333333334280724
1 4 2 3 6 5
73.61666666666666003493
1 4 2 5 3 6
73.50000000000000000000
1 4 2 5 6 3
77.34999999999999431566
1 4 2 6 3 5
75.36666666666666003493
1 4 2 6 5 3
77.93333333333333712289
1 4 3 2 5 6
72.33333333333334280724
1 4 3 2 6 5
73.61666666666667424579
1 4 3 5 2 6
74.08333333333334280724
1 4 3 5 6 2
79.21666666666666856145
1 4 3 6 2 5
75.95000000000000284217
1 4 3 6 5 2
79.79999999999999715783
1 4 5 2 3 6
73.50000000000000000000
1 4 5 2 6 3
77.34999999999999431566
1 4 5 3 2 6
74.08333333333334280724
1 4 5 3 6 2
79.21666666666666856145
1 4 5 6 2 3
79.68333333333335133375
1 4 5 6 3 2
80.96666666666666856145
1 4 6 2 3 5
75.36666666666667424579
1 4 6 2 5 3
77.93333333333333712289
1 4 6 3 2 5
75.95000000000000284217
1 4 6 3 5 2
79.79999999999999715783
1 4 6 5 2 3
79.68333333333332291204
1 4 6 5 3 2
80.96666666666665435059
1 5 2 3 4 6
72.33333333333334280724
1 5 2 3 6 4
74.90000000000000568434
1 5 2 4 3 6
72.91666666666665719276
1 5 2 4 6 3
76.76666666666667993013
1 5 2 6 3 4
76.64999999999999147349
1 5 2 6 4 3
77.93333333333332291204
1 5 3 2 4 6
72.33333333333332859638
1 5 3 2 6 4
74.90000000000000568434
1 5 3 4 2 6
73.50000000000000000000
1 5 3 4 6 2
78.63333333333332575421
1 5 3 6 2 4
77.23333333333332006987
1 5 3 6 4 2
79.80000000000001136868
1 5 4 2 3 6
72.91666666666665719276
1 5 4 2 6 3
76.76666666666666571928
1 5 4 3 2 6
73.50000000000000000000
1 5 4 3 6 2
78.63333333333333996507
1 5 4 6 2 3
79.10000000000000852651
1 5 4 6 3 2
80.38333333333333996507
1 5 6 2 3 4
76.65000000000000568434
1 5 6 2 4 3
77.93333333333333712289
1 5 6 3 2 4
77.23333333333332006987
1 5 6 3 4 2
79.80000000000001136868
1 5 6 4 2 3
79.09999999999999431566
1 5 6 4 3 2
80.38333333333332575421
1 6 2 3 4 5
73.61666666666667424579
1 6 2 3 5 4
74.90000000000000568434
1 6 2 4 3 5
74.20000000000000284217
1 6 2 4 5 3
76.76666666666666571928
1 6 2 5 3 4
76.06666666666666287711
1 6 2 5 4 3
77.34999999999999431566
1 6 3 2 4 5
73.61666666666667424579
1 6 3 2 5 4
74.90000000000000568434
1 6 3 4 2 5
74.78333333333333143855
1 6 3 4 5 2
78.63333333333333996507
1 6 3 5 2 4
76.65000000000000568434
1 6 3 5 4 2
79.21666666666666856145
1 6 4 2 3 5
74.20000000000000284217
1 6 4 2 5 3
76.76666666666666571928
1 6 4 3 2 5
74.78333333333333143855
1 6 4 3 5 2
78.63333333333332575421
1 6 4 5 2 3
78.51666666666666571928
1 6 4 5 3 2
79.79999999999999715783
1 6 5 2 3 4
76.06666666666666287711
1 6 5 2 4 3
77.34999999999999431566
1 6 5 3 2 4
76.65000000000000568434
1 6 5 3 4 2
79.21666666666666856145
1 6 5 4 2 3
78.51666666666666571928
1 6 5 4 3 2
79.79999999999999715783
2 1 3 4 5 6
72.21666666666666856145
2 1 3 4 6 5
73.50000000000000000000
2 1 3 5 4 6
72.79999999999999715783
2 1 3 5 6 4
75.36666666666667424579
2 1 3 6 4 5
74.66666666666665719276
2 1 3 6 5 4
75.94999999999998863132
2 1 4 3 5 6
72.21666666666666856145
2 1 4 3 6 5
73.50000000000000000000
2 1 4 5 3 6
73.38333333333332575421
2 1 4 5 6 3
77.23333333333332006987
2 1 4 6 3 5
75.25000000000000000000
2 1 4 6 5 3
77.81666666666667708796
2 1 5 3 4 6
72.80000000000001136868
2 1 5 3 6 4
75.36666666666667424579
2 1 5 4 3 6
73.38333333333332575421
2 1 5 4 6 3
77.23333333333333428072
2 1 5 6 3 4
77.11666666666666003493
2 1 5 6 4 3
78.39999999999999147349
2 1 6 3 4 5
74.66666666666665719276
2 1 6 3 5 4
75.94999999999998863132
2 1 6 4 3 5
75.25000000000000000000
2 1 6 4 5 3
77.81666666666666287711
2 1 6 5 3 4
77.11666666666666003493
2 1 6 5 4 3
78.40000000000000568434
2 3 1 4 5 6
71.05000000000001136868
2 3 1 4 6 5
72.33333333333334280724
2 3 1 5 4 6
71.63333333333332575421
2 3 1 5 6 4
74.20000000000000284217
2 3 1 6 4 5
73.50000000000000000000
2 3 1 6 5 4
74.78333333333333143855
2 3 4 1 5 6
71.05000000000001136868
2 3 4 1 6 5
72.33333333333332859638
2 3 4 5 1 6
73.38333333333332575421
2 3 4 5 6 1
79.79999999999999715783
2 3 4 6 1 5
75.25000000000000000000
2 3 4 6 5 1
80.38333333333332575421
2 3 5 1 4 6
71.63333333333332575421
2 3 5 1 6 4
74.19999999999998863132
2 3 5 4 1 6
73.38333333333332575421
2 3 5 4 6 1
79.79999999999999715783
2 3 5 6 1 4
77.11666666666667424579
2 3 5 6 4 1
80.96666666666666856145
2 3 6 1 4 5
73.50000000000000000000
2 3 6 1 5 4
74.78333333333333143855
2 3 6 4 1 5
75.25000000000000000000
2 3 6 4 5 1
80.38333333333332575421
2 3 6 5 1 4
77.11666666666666003493
2 3 6 5 4 1
80.96666666666665435059
2 4 1 3 5 6
70.46666666666666856145
2 4 1 3 6 5
71.75000000000000000000
2 4 1 5 3 6
71.63333333333332575421
2 4 1 5 6 3
75.48333333333332006987
2 4 1 6 3 5
73.50000000000000000000
2 4 1 6 5 3
76.06666666666666287711
2 4 3 1 5 6
70.46666666666666856145
2 4 3 1 6 5
71.75000000000000000000
2 4 3 5 1 6
72.79999999999999715783
2 4 3 5 6 1
79.21666666666666856145
2 4 3 6 1 5
74.66666666666665719276
2 4 3 6 5 1
79.79999999999998294697
2 4 5 1 3 6
71.63333333333332575421
2 4 5 1 6 3
75.48333333333332006987
2 4 5 3 1 6
72.79999999999999715783
2 4 5 3 6 1
79.21666666666665435059
2 4 5 6 1 3
78.39999999999999147349
2 4 5 6 3 1
80.96666666666665435059
2 4 6 1 3 5
73.50000000000000000000
2 4 6 1 5 3
76.06666666666666287711
2 4 6 3 1 5
74.66666666666665719276
2 4 6 3 5 1
79.79999999999999715783
2 4 6 5 1 3
78.40000000000000568434
2 4 6 5 3 1
80.96666666666666856145
2 5 1 3 4 6
70.46666666666666856145
2 5 1 3 6 4
73.03333333333333143855
2 5 1 4 3 6
71.04999999999999715783
2 5 1 4 6 3
74.89999999999999147349
2 5 1 6 3 4
74.78333333333333143855
2 5 1 6 4 3
76.06666666666666287711
2 5 3 1 4 6
70.46666666666666856145
2 5 3 1 6 4
73.03333333333333143855
2 5 3 4 1 6
72.21666666666666856145
2 5 3 4 6 1
78.63333333333333996507
2 5 3 6 1 4
75.95000000000000284217
2 5 3 6 4 1
79.79999999999999715783
2 5 4 1 3 6
71.04999999999999715783
2 5 4 1 6 3
74.90000000000000568434
2 5 4 3 1 6
72.21666666666666856145
2 5 4 3 6 1
78.63333333333332575421
2 5 4 6 1 3
77.81666666666664866625
2 5 4 6 3 1
80.38333333333332575421
2 5 6 1 3 4
74.78333333333333143855
2 5 6 1 4 3
76.06666666666666287711
2 5 6 3 1 4
75.95000000000000284217
2 5 6 3 4 1
79.79999999999999715783
2 5 6 4 1 3
77.81666666666667708796
2 5 6 4 3 1
80.38333333333333996507
2 6 1 3 4 5
71.75000000000000000000
2 6 1 3 5 4
73.03333333333333143855
2 6 1 4 3 5
72.33333333333332859638
2 6 1 4 5 3
74.90000000000000568434
2 6 1 5 3 4
74.19999999999998863132
2 6 1 5 4 3
75.48333333333333428072
2 6 3 1 4 5
71.75000000000000000000
2 6 3 1 5 4
73.03333333333333143855
2 6 3 4 1 5
73.50000000000000000000
2 6 3 4 5 1
78.63333333333332575421
2 6 3 5 1 4
75.36666666666666003493
2 6 3 5 4 1
79.21666666666665435059
2 6 4 1 3 5
72.33333333333332859638
2 6 4 1 5 3
74.90000000000000568434
2 6 4 3 1 5
73.50000000000000000000
2 6 4 3 5 1
78.63333333333332575421
2 6 4 5 1 3
77.23333333333333428072
2 6 4 5 3 1
79.79999999999999715783
2 6 5 1 3 4
74.19999999999998863132
2 6 5 1 4 3
75.48333333333333428072
2 6 5 3 1 4
75.36666666666666003493
2 6 5 3 4 1
79.21666666666665435059
2 6 5 4 1 3
77.23333333333333428072
2 6 5 4 3 1
79.79999999999999715783
3 1 2 4 5 6
70.34999999999999431566
3 1 2 4 6 5
71.63333333333332575421
3 1 2 5 4 6
70.93333333333333712289
3 1 2 5 6 4
73.50000000000000000000
3 1 2 6 4 5
72.79999999999999715783
3 1 2 6 5 4
74.08333333333334280724
3 1 4 2 5 6
70.34999999999999431566
3 1 4 2 6 5
71.63333333333332575421
3 1 4 5 2 6
72.09999999999999431566
3 1 4 5 6 2
77.23333333333333428072
3 1 4 6 2 5
73.96666666666666856145
3 1 4 6 5 2
77.81666666666666287711
3 1 5 2 4 6
70.93333333333333712289
3 1 5 2 6 4
73.50000000000000000000
3 1 5 4 2 6
72.09999999999999431566
3 1 5 4 6 2
77.23333333333333428072
3 1 5 6 2 4
75.83333333333334280724
3 1 5 6 4 2
78.40000000000000568434
3 1 6 2 4 5
72.79999999999999715783
3 1 6 2 5 4
74.08333333333334280724
3 1 6 4 2 5
73.96666666666666856145
3 1 6 4 5 2
77.81666666666666287711
3 1 6 5 2 4
75.83333333333334280724
3 1 6 5 4 2
78.40000000000000568434
3 2 1 4 5 6
69.76666666666667993013
3 2 1 4 6 5
71.04999999999999715783
3 2 1 5 4 6
70.34999999999999431566
3 2 1 5 6 4
72.91666666666667140362
3 2 1 6 4 5
72.21666666666666856145
3 2 1 6 5 4
73.50000000000000000000
3 2 4 1 5 6
69.76666666666667993013
3 2 4 1 6 5
71.04999999999999715783
3 2 4 5 1 6
72.09999999999999431566
3 2 4 5 6 1
78.51666666666667993013
3 2 4 6 1 5
73.96666666666666856145
3 2 4 6 5 1
79.09999999999999431566
3 2 5 1 4 6
70.34999999999999431566
3 2 5 1 6 4
72.91666666666665719276
3 2 5 4 1 6
72.09999999999999431566
3 2 5 4 6 1
78.51666666666666571928
3 2 5 6 1 4
75.83333333333332859638
3 2 5 6 4 1
79.68333333333335133375
3 2 6 1 4 5
72.21666666666666856145
3 2 6 1 5 4
73.50000000000000000000
3 2 6 4 1 5
73.96666666666666856145
3 2 6 4 5 1
79.09999999999999431566
3 2 6 5 1 4
75.83333333333332859638
3 2 6 5 4 1
79.68333333333332291204
3 4 1 2 5 6
68.59999999999999431566
3 4 1 2 6 5
69.88333333333332575421
3 4 1 5 2 6
70.34999999999999431566
3 4 1 5 6 2
75.48333333333333428072
3 4 1 6 2 5
72.21666666666666856145
3 4 1 6 5 2
76.06666666666666287711
3 4 2 1 5 6
68.59999999999999431566
3 4 2 1 6 5
69.88333333333332575421
3 4 2 5 1 6
70.93333333333333712289
3 4 2 5 6 1
77.35000000000000852651
3 4 2 6 1 5
72.80000000000001136868
3 4 2 6 5 1
77.93333333333333712289
3 4 5 1 2 6
70.34999999999999431566
3 4 5 1 6 2
75.48333333333333428072
3 4 5 2 1 6
70.93333333333333712289
3 4 5 2 6 1
77.34999999999999431566
3 4 5 6 1 2
78.40000000000000568434
3 4 5 6 2 1
79.68333333333333712289
3 4 6 1 2 5
72.21666666666666856145
3 4 6 1 5 2
76.06666666666666287711
3 4 6 2 1 5
72.79999999999999715783
3 4 6 2 5 1
77.93333333333333712289
3 4 6 5 1 2
78.40000000000000568434
3 4 6 5 2 1
79.68333333333333712289
3 5 1 2 4 6
68.60000000000000852651
3 5 1 2 6 4
71.16666666666665719276
3 5 1 4 2 6
69.76666666666666571928
3 5 1 4 6 2
74.90000000000000568434
3 5 1 6 2 4
73.50000000000000000000
3 5 1 6 4 2
76.06666666666666287711
3 5 2 1 4 6
68.59999999999999431566
3 5 2 1 6 4
71.16666666666667140362
3 5 2 4 1 6
70.34999999999999431566
3 5 2 4 6 1
76.76666666666666571928
3 5 2 6 1 4
74.08333333333334280724
3 5 2 6 4 1
77.93333333333335133375
3 5 4 1 2 6
69.76666666666667993013
3 5 4 1 6 2
74.90000000000000568434
3 5 4 2 1 6
70.34999999999999431566
3 5 4 2 6 1
76.76666666666666571928
3 5 4 6 1 2
77.81666666666666287711
3 5 4 6 2 1
79.09999999999999431566
3 5 6 1 2 4
73.50000000000000000000
3 5 6 1 4 2
76.06666666666666287711
3 5 6 2 1 4
74.08333333333332859638
3 5 6 2 4 1
77.93333333333333712289
3 5 6 4 1 2
77.81666666666666287711
3 5 6 4 2 1
79.10000000000000852651
3 6 1 2 4 5
69.88333333333332575421
3 6 1 2 5 4
71.16666666666665719276
3 6 1 4 2 5
71.05000000000001136868
3 6 1 4 5 2
74.90000000000000568434
3 6 1 5 2 4
72.91666666666665719276
3 6 1 5 4 2
75.48333333333333428072
3 6 2 1 4 5
69.88333333333333996507
3 6 2 1 5 4
71.16666666666665719276
3 6 2 4 1 5
71.63333333333333996507
3 6 2 4 5 1
76.76666666666666571928
3 6 2 5 1 4
73.50000000000000000000
3 6 2 5 4 1
77.34999999999999431566
3 6 4 1 2 5
71.04999999999999715783
3 6 4 1 5 2
74.90000000000000568434
3 6 4 2 1 5
71.63333333333332575421
3 6 4 2 5 1
76.76666666666666571928
3 6 4 5 1 2
77.23333333333333428072
3 6 4 5 2 1
78.51666666666666571928
3 6 5 1 2 4
72.91666666666665719276
3 6 5 1 4 2
75.48333333333333428072
3 6 5 2 1 4
73.50000000000000000000
3 6 5 2 4 1
77.35000000000000852651
3 6 5 4 1 2
77.23333333333333428072
3 6 5 4 2 1
78.51666666666666571928
4 1 2 3 5 6
68.48333333333333428072
4 1 2 3 6 5
69.76666666666666571928
4 1 2 5 3 6
69.65000000000000568434
4 1 2 5 6 3
73.50000000000000000000
4 1 2 6 3 5
71.51666666666666571928
4 1 2 6 5 3
74.08333333333332859638
4 1 3 2 5 6
68.48333333333333428072
4 1 3 2 6 5
69.76666666666666571928
4 1 3 5 2 6
70.23333333333333428072
4 1 3 5 6 2
75.36666666666667424579
4 1 3 6 2 5
72.09999999999999431566
4 1 3 6 5 2
75.94999999999998863132
4 1 5 2 3 6
69.65000000000000568434
4 1 5 2 6 3
73.50000000000000000000
4 1 5 3 2 6
70.23333333333333428072
4 1 5 3 6 2
75.36666666666666003493
4 1 5 6 2 3
75.83333333333334280724
4 1 5 6 3 2
77.11666666666666003493
4 1 6 2 3 5
71.51666666666666571928
4 1 6 2 5 3
74.08333333333334280724
4 1 6 3 2 5
72.09999999999999431566
4 1 6 3 5 2
75.94999999999998863132
4 1 6 5 2 3
75.83333333333332859638
4 1 6 5 3 2
77.11666666666666003493
4 2 1 3 5 6
67.90000000000000568434
4 2 1 3 6 5
69.18333333333333712289
4 2 1 5 3 6
69.06666666666666287711
4 2 1 5 6 3
72.91666666666665719276
4 2 1 6 3 5
70.93333333333333712289
4 2 1 6 5 3
73.50000000000000000000
4 2 3 1 5 6
67.90000000000000568434
4 2 3 1 6 5
69.18333333333333712289
4 2 3 5 1 6
70.23333333333333428072
4 2 3 5 6 1
76.64999999999999147349
4 2 3 6 1 5
72.09999999999999431566
4 2 3 6 5 1
77.23333333333333428072
4 2 5 1 3 6
69.06666666666666287711
4 2 5 1 6 3
72.91666666666667140362
4 2 5 3 1 6
70.23333333333333428072
4 2 5 3 6 1
76.64999999999999147349
4 2 5 6 1 3
75.83333333333332859638
4 2 5 6 3 1
78.39999999999999147349
4 2 6 1 3 5
70.93333333333333712289
4 2 6 1 5 3
73.50000000000000000000
4 2 6 3 1 5
72.09999999999999431566
4 2 6 3 5 1
77.23333333333333428072
4 2 6 5 1 3
75.83333333333334280724
4 2 6 5 3 1
78.40000000000000568434
4 3 1 2 5 6
67.31666666666666287711
4 3 1 2 6 5
68.59999999999999431566
4 3 1 5 2 6
69.06666666666666287711
4 3 1 5 6 2
74.20000000000000284217
4 3 1 6 2 5
70.93333333333333712289
4 3 1 6 5 2
74.78333333333333143855
4 3 2 1 5 6
67.31666666666666287711
4 3 2 1 6 5
68.59999999999999431566
4 3 2 5 1 6
69.64999999999999147349
4 3 2 5 6 1
76.06666666666666287711
4 3 2 6 1 5
71.51666666666666571928
4 3 2 6 5 1
76.65000000000000568434
4 3 5 1 2 6
69.06666666666666287711
4 3 5 1 6 2
74.19999999999998863132
4 3 5 2 1 6
69.64999999999999147349
4 3 5 2 6 1
76.06666666666666287711
4 3 5 6 1 2
77.11666666666667424579
4 3 5 6 2 1
78.40000000000000568434
4 3 6 1 2 5
70.93333333333333712289
4 3 6 1 5 2
74.78333333333333143855
4 3 6 2 1 5
71.51666666666665150842
4 3 6 2 5 1
76.65000000000000568434
4 3 6 5 1 2
77.11666666666666003493
4 3 6 5 2 1
78.40000000000000568434
4 5 1 2 3 6
67.31666666666666287711
4 5 1 2 6 3
71.16666666666665719276
4 5 1 3 2 6
67.90000000000000568434
4 5 1 3 6 2
73.03333333333333143855
4 5 1 6 2 3
73.50000000000000000000
4 5 1 6 3 2
74.78333333333333143855
4 5 2 1 3 6
67.31666666666666287711
4 5 2 1 6 3
71.16666666666665719276
4 5 2 3 1 6
68.48333333333333428072
4 5 2 3 6 1
74.89999999999999147349
4 5 2 6 1 3
74.08333333333332859638
4 5 2 6 3 1
76.64999999999999147349
4 5 3 1 2 6
67.90000000000000568434
4 5 3 1 6 2
73.03333333333333143855
4 5 3 2 1 6
68.48333333333333428072
4 5 3 2 6 1
74.90000000000000568434
4 5 3 6 1 2
75.94999999999998863132
4 5 3 6 2 1
77.23333333333332006987
4 5 6 1 2 3
73.50000000000000000000
4 5 6 1 3 2
74.78333333333333143855
4 5 6 2 1 3
74.08333333333334280724
4 5 6 2 3 1
76.65000000000000568434
4 5 6 3 1 2
75.94999999999998863132
4 5 6 3 2 1
77.23333333333332006987
4 6 1 2 3 5
68.59999999999999431566
4 6 1 2 5 3
71.16666666666665719276
4 6 1 3 2 5
69.18333333333333712289
4 6 1 3 5 2
73.03333333333333143855
4 6 1 5 2 3
72.91666666666665719276
4 6 1 5 3 2
74.20000000000000284217
4 6 2 1 3 5
68.59999999999999431566
4 6 2 1 5 3
71.16666666666665719276
4 6 2 3 1 5
69.76666666666666571928
4 6 2 3 5 1
74.90000000000000568434
4 6 2 5 1 3
73.50000000000000000000
4 6 2 5 3 1
76.06666666666666287711
4 6 3 1 2 5
69.18333333333333712289
4 6 3 1 5 2
73.03333333333333143855
4 6 3 2 1 5
69.76666666666665150842
4 6 3 2 5 1
74.89999999999999147349
4 6 3 5 1 2
75.36666666666666003493
4 6 3 5 2 1
76.64999999999999147349
4 6 5 1 2 3
72.91666666666665719276
4 6 5 1 3 2
74.19999999999998863132
4 6 5 2 1 3
73.50000000000000000000
4 6 5 2 3 1
76.06666666666666287711
4 6 5 3 1 2
75.36666666666666003493
4 6 5 3 2 1
76.65000000000000568434
5 1 2 3 4 6
67.19999999999998863132
5 1 2 3 6 4
69.76666666666666571928
5 1 2 4 3 6
67.78333333333333143855
5 1 2 4 6 3
71.63333333333332575421
5 1 2 6 3 4
71.51666666666666571928
5 1 2 6 4 3
72.80000000000001136868
5 1 3 2 4 6
67.20000000000000284217
5 1 3 2 6 4
69.76666666666665150842
5 1 3 4 2 6
68.36666666666667424579
5 1 3 4 6 2
73.50000000000000000000
5 1 3 6 2 4
72.09999999999999431566
5 1 3 6 4 2
74.66666666666667140362
5 1 4 2 3 6
67.78333333333333143855
5 1 4 2 6 3
71.63333333333332575421
5 1 4 3 2 6
68.36666666666667424579
5 1 4 3 6 2
73.50000000000000000000
5 1 4 6 2 3
73.96666666666666856145
5 1 4 6 3 2
75.25000000000001421085
5 1 6 2 3 4
71.51666666666666571928
5 1 6 2 4 3
72.80000000000001136868
5 1 6 3 2 4
72.09999999999999431566
5 1 6 3 4 2
74.66666666666667140362
5 1 6 4 2 3
73.96666666666666856145
5 1 6 4 3 2
75.25000000000000000000
5 2 1 3 4 6
66.61666666666666003493
5 2 1 3 6 4
69.18333333333333712289
5 2 1 4 3 6
67.19999999999998863132
5 2 1 4 6 3
71.04999999999999715783
5 2 1 6 3 4
70.93333333333333712289
5 2 1 6 4 3
72.21666666666666856145
5 2 3 1 4 6
66.61666666666667424579
5 2 3 1 6 4
69.18333333333333712289
5 2 3 4 1 6
68.36666666666667424579
5 2 3 4 6 1
74.78333333333334564941
5 2 3 6 1 4
72.10000000000000852651
5 2 3 6 4 1
75.95000000000000284217
5 2 4 1 3 6
67.19999999999998863132
5 2 4 1 6 3
71.04999999999999715783
5 2 4 3 1 6
68.36666666666667424579
5 2 4 3 6 1
74.78333333333333143855
5 2 4 6 1 3
73.96666666666665435059
5 2 4 6 3 1
76.53333333333333143855
5 2 6 1 3 4
70.93333333333333712289
5 2 6 1 4 3
72.21666666666666856145
5 2 6 3 1 4
72.10000000000000852651
5 2 6 3 4 1
75.95000000000000284217
5 2 6 4 1 3
73.96666666666668277230
5 2 6 4 3 1
76.53333333333334564941
5 3 1 2 4 6
66.03333333333333143855
5 3 1 2 6 4
68.59999999999999431566
5 3 1 4 2 6
67.20000000000000284217
5 3 1 4 6 2
72.33333333333334280724
5 3 1 6 2 4
70.93333333333333712289
5 3 1 6 4 2
73.50000000000000000000
5 3 2 1 4 6
66.03333333333333143855
5 3 2 1 6 4
68.59999999999999431566
5 3 2 4 1 6
67.78333333333333143855
5 3 2 4 6 1
74.20000000000000284217
5 3 2 6 1 4
71.51666666666666571928
5 3 2 6 4 1
75.36666666666667424579
5 3 4 1 2 6
67.20000000000001705303
5 3 4 1 6 2
72.33333333333334280724
5 3 4 2 1 6
67.78333333333333143855
5 3 4 2 6 1
74.20000000000000284217
5 3 4 6 1 2
75.25000000000000000000
5 3 4 6 2 1
76.53333333333333143855
5 3 6 1 2 4
70.93333333333333712289
5 3 6 1 4 2
73.50000000000000000000
5 3 6 2 1 4
71.51666666666666571928
5 3 6 2 4 1
75.36666666666666003493
5 3 6 4 1 2
75.25000000000000000000
5 3 6 4 2 1
76.53333333333334564941
5 4 1 2 3 6
66.03333333333333143855
5 4 1 2 6 3
69.88333333333332575421
5 4 1 3 2 6
66.61666666666667424579
5 4 1 3 6 2
71.75000000000000000000
5 4 1 6 2 3
72.21666666666666856145
5 4 1 6 3 2
73.50000000000001421085
5 4 2 1 3 6
66.03333333333333143855
5 4 2 1 6 3
69.88333333333333996507
5 4 2 3 1 6
67.20000000000000284217
5 4 2 3 6 1
73.61666666666667424579
5 4 2 6 1 3
72.79999999999999715783
5 4 2 6 3 1
75.36666666666666003493
5 4 3 1 2 6
66.61666666666667424579
5 4 3 1 6 2
71.75000000000000000000
5 4 3 2 1 6
67.20000000000000284217
5 4 3 2 6 1
73.61666666666667424579
5 4 3 6 1 2
74.66666666666667140362
5 4 3 6 2 1
75.95000000000000284217
5 4 6 1 2 3
72.21666666666666856145
5 4 6 1 3 2
73.50000000000000000000
5 4 6 2 1 3
72.80000000000001136868
5 4 6 2 3 1
75.36666666666667424579
5 4 6 3 1 2
74.66666666666667140362
5 4 6 3 2 1
75.95000000000000284217
5 6 1 2 3 4
68.59999999999999431566
5 6 1 2 4 3
69.88333333333333996507
5 6 1 3 2 4
69.18333333333333712289
5 6 1 3 4 2
71.75000000000000000000
5 6 1 4 2 3
71.05000000000001136868
5 6 1 4 3 2
72.33333333333332859638
5 6 2 1 3 4
68.59999999999999431566
5 6 2 1 4 3
69.88333333333333996507
5 6 2 3 1 4
69.76666666666666571928
5 6 2 3 4 1
73.61666666666666003493
5 6 2 4 1 3
71.63333333333333996507
5 6 2 4 3 1
74.20000000000000284217
5 6 3 1 2 4
69.18333333333333712289
5 6 3 1 4 2
71.75000000000000000000
5 6 3 2 1 4
69.76666666666666571928
5 6 3 2 4 1
73.61666666666667424579
5 6 3 4 1 2
73.50000000000000000000
5 6 3 4 2 1
74.78333333333334564941
5 6 4 1 2 3
71.05000000000001136868
5 6 4 1 3 2
72.33333333333332859638
5 6 4 2 1 3
71.63333333333333996507
5 6 4 2 3 1
74.20000000000000284217
5 6 4 3 1 2
73.50000000000000000000
5 6 4 3 2 1
74.78333333333333143855
6 1 2 3 4 5
67.20000000000000284217
6 1 2 3 5 4
68.48333333333333428072
6 1 2 4 3 5
67.78333333333333143855
6 1 2 4 5 3
70.34999999999999431566
6 1 2 5 3 4
69.65000000000000568434
6 1 2 5 4 3
70.93333333333333712289
6 1 3 2 4 5
67.19999999999998863132
6 1 3 2 5 4
68.48333333333333428072
6 1 3 4 2 5
68.36666666666667424579
6 1 3 4 5 2
72.21666666666666856145
6 1 3 5 2 4
70.23333333333333428072
6 1 3 5 4 2
72.80000000000001136868
6 1 4 2 3 5
67.78333333333333143855
6 1 4 2 5 3
70.34999999999999431566
6 1 4 3 2 5
68.36666666666667424579
6 1 4 3 5 2
72.21666666666666856145
6 1 4 5 2 3
72.09999999999999431566
6 1 4 5 3 2
73.38333333333332575421
6 1 5 2 3 4
69.65000000000000568434
6 1 5 2 4 3
70.93333333333333712289
6 1 5 3 2 4
70.23333333333333428072
6 1 5 3 4 2
72.79999999999999715783
6 1 5 4 2 3
72.09999999999999431566
6 1 5 4 3 2
73.38333333333332575421
6 2 1 3 4 5
66.61666666666667424579
6 2 1 3 5 4
67.90000000000000568434
6 2 1 4 3 5
67.19999999999998863132
6 2 1 4 5 3
69.76666666666667993013
6 2 1 5 3 4
69.06666666666666287711
6 2 1 5 4 3
70.34999999999999431566
6 2 3 1 4 5
66.61666666666666003493
6 2 3 1 5 4
67.90000000000000568434
6 2 3 4 1 5
68.36666666666666003493
6 2 3 4 5 1
73.50000000000000000000
6 2 3 5 1 4
70.23333333333333428072
6 2 3 5 4 1
74.08333333333332859638
6 2 4 1 3 5
67.19999999999998863132
6 2 4 1 5 3
69.76666666666667993013
6 2 4 3 1 5
68.36666666666667424579
6 2 4 3 5 1
73.50000000000000000000
6 2 4 5 1 3
72.09999999999999431566
6 2 4 5 3 1
74.66666666666665719276
6 2 5 1 3 4
69.06666666666666287711
6 2 5 1 4 3
70.34999999999999431566
6 2 5 3 1 4
70.23333333333332006987
6 2 5 3 4 1
74.08333333333332859638
6 2 5 4 1 3
72.10000000000000852651
6 2 5 4 3 1
74.66666666666667140362
6 3 1 2 4 5
66.03333333333333143855
6 3 1 2 5 4
67.31666666666666287711
6 3 1 4 2 5
67.20000000000000284217
6 3 1 4 5 2
71.05000000000001136868
6 3 1 5 2 4
69.06666666666666287711
6 3 1 5 4 2
71.63333333333333996507
6 3 2 1 4 5
66.03333333333333143855
6 3 2 1 5 4
67.31666666666666287711
6 3 2 4 1 5
67.78333333333333143855
6 3 2 4 5 1
72.91666666666665719276
6 3 2 5 1 4
69.65000000000000568434
6 3 2 5 4 1
73.50000000000000000000
6 3 4 1 2 5
67.19999999999998863132
6 3 4 1 5 2
71.04999999999999715783
6 3 4 2 1 5
67.78333333333333143855
6 3 4 2 5 1
72.91666666666665719276
6 3 4 5 1 2
73.38333333333333996507
6 3 4 5 2 1
74.66666666666667140362
6 3 5 1 2 4
69.06666666666666287711
6 3 5 1 4 2
71.63333333333333996507
6 3 5 2 1 4
69.65000000000000568434
6 3 5 2 4 1
73.50000000000000000000
6 3 5 4 1 2
73.38333333333333996507
6 3 5 4 2 1
74.66666666666667140362
6 4 1 2 3 5
66.03333333333333143855
6 4 1 2 5 3
68.59999999999999431566
6 4 1 3 2 5
66.61666666666667424579
6 4 1 3 5 2
70.46666666666666856145
6 4 1 5 2 3
70.34999999999999431566
6 4 1 5 3 2
71.63333333333333996507
6 4 2 1 3 5
66.03333333333333143855
6 4 2 1 5 3
68.59999999999999431566
6 4 2 3 1 5
67.20000000000000284217
6 4 2 3 5 1
72.33333333333334280724
6 4 2 5 1 3
70.933333333