-417804.430380
-440861.575342
-54183.065134
-390579.834532
-230064.655172
-596704.258993
-134752.597902
-422006.100402
-212699.452514
-773417.580153
-432909.412451
0.0000000
-86659.000000
-146260.781421
-59013.752727
-335222.465347
0.0000000
-741439.306306
-2006.271318
-342994.259887
-630016.068100
-99428.000000
0.0000000
-288348.038462
-150073.555556
-839043.722543
-90727.135484
-612861.379121
-628152.144487
-417713.803571
-267131.481707
-736598.984293
-806306.000000
-34720.590476
-297747.782609
-270609.890710
-365215.260870
120995.183746
-643832.187050
-634124.673759
-676156.363636
275287.461538
272723.846154
-490325.048276
-271725.098765
-731582.412500
-717536.142857
-321499.498054
466555.000000
-613539.898678
-267933.445596
-175401.639810
-674828.490196
0.0000000
-170456.534296
-888745.421456
-634456.330579
-200311.985915
-863557.220126
-611884.315789
-253835.211679
-476083.545455
-294037.759036
-462553.253968
-96225.147059
-740001.769231
-126756.163121
-303966.000000
-833217.484733
-570261.308511
-414074.000000
-439679.345070
-771957.680412
-430007.242105
-162041.945848
0.0000000
0.0000000
-459352.657718
-182119.350877
97660.239024
409951.690377
-379583.968750
-842320.254753
0.0000000
-943649.440860
-248600.129032
-229629.792453
-598103.633333
-77317.646341
-359082.490975
-107593.911111
-112741.763636
551749.018692
-444196.329670
447981.830189
-120366.973485
-218356.148936
-195502.275618
-237257.032000
-252845.732240
0.0000000
0.0000000
0.0000000
-75402.516484
129553.441176
0.0000000
-384946.000000
-157987.578595
833771.294118
-543418.911348
247369.521739
0.0000000
-306666.944664
-564160.327434
-246935.589041
663327.403846
-875643.727273
-523287.971429
-233180.812500
-558542.770492
-201936.591398
785706.641221
-209862.174603
438584.898113
-517022.387324
-238072.597015
-180774.840000
-433866.506024
-376923.784431
-424864.562738
-581929.881720
-503013.317073
0.0000000
-617864.702703
-151161.321678
357334.299065
653594.342857
-347759.129032
-79298.000000
-651064.813433
97997.234637
-534974.848739
-102118.442424
-235830.039370
-168942.406780
-688938.820896
-262431.907407
335041.228972
-262901.486239
-845595.096552
733584.028986
-501883.348315
-407070.165517
-408812.583673
-228086.931034
0.0000000
-624341.800000
-616677.000000
-221521.446927
854634.834862
462472.207547
0.0000000
664248.471910
556613.072165
-612928.768116
0.0000000
-206071.038462
-159259.828571
-181345.500000
-130363.701422
-162146.299065
-157785.269461
-913995.503497
-274931.115942
402751.861635
196248.133891
-300494.489796
-961188.724138
451093.640777
-240517.045455
0.0000000
-493503.775510
-128498.746032
-626185.147651
0.0000000
-268255.456140
547188.159011
882490.638889
0.0000000
-272736.141264
108316.416667
83223.920000
-670249.547085
-397071.782609
-641848.833333
-607855.336634
-269245.835556
-487021.662222
-216480.307263
366770.529412
581812.478261
-315128.901786
-132740.756849
455240.571906
-515119.014599
-114304.531120
-352586.000000
-936676.577093
-745185.004505
-138592.270386
-160280.729858
-294891.500000
-445687.591837
-89302.482270
-527274.155738
932968.000000
-597012.762376
231921.415730
-493730.730909
-240973.721893
-426006.558282
-7421.096899
636578.084559
-106975.013699
-680817.918033
395100.768293
509197.424125
-498010.099476
0.0000000
439301.088785
-321610.714286
0.0000000
560902.682759
0.0000000
-374781.592275
386957.695853
-472473.301370
-82435.878049
182437.476190
-163628.600000
-438125.137931
405367.396947
-359395.858268
378610.805556
-216144.330909
-378616.888889
-442505.979381
-783682.803213
-758811.829268
96090.273743
-313805.540284
0.0000000
-926247.201258
726551.090909
-244555.512000
0.0000000
-429482.300613
-371667.007092
-228191.148410
-81177.625000
-639230.573333
-746300.216867
278509.773585
457724.281690
700906.357447
414818.425087
-499909.970414
-725708.769231
268767.593458
-571758.753086
-545651.788732
-188886.744186
262120.459459
-670412.035242
559505.675676
608052.915493
-588809.482759
-279934.346154
-45584.141343
-611433.421488
210276.028169
-172433.094340
-436781.900000
-351233.979592
-238452.857143
373764.586331
0.0000000
330285.173913
-312631.000000
150503.541667
-342745.540541
0.0000000
-268384.465753
181078.619048
-647014.280992
516057.255034
-653343.117647
-505342.419355
0.0000000
-194654.723077
226574.300578
-519719.542857
-382821.035971
0.0000000
0.0000000
-180953.479592
-700646.648148
0.0000000
504845.564516
165729.820690
-86291.469751
-233750.681818
-181319.767773
0.0000000
567755.086420
-540759.276018
-791049.141975
-950575.758621
-296033.082569
-615979.166667
388261.021583
-343480.088435
-350552.391304
-539068.961089
-692838.553191
-443742.019455
-308096.008403
-388324.337349
-849010.000000
-874509.458647
-371381.051661
744868.444444
-658084.959108
-436053.120000
623171.272727
-316640.000000
375203.888889
0.0000000
227741.169014
-89512.894366
839799.396226
-203994.818182
-217092.642512
-13537.094340
-58236.481343
-233097.103679
327823.031532
636299.000000
507329.804124
137736.551724
497838.936937
-636058.101695
-296670.438596
944022.584071
-72998.447761
437004.500000
450662.882353
742865.636704
-799858.041885
230109.291339
671726.888889
948122.395210
827966.591549
0.0000000
-439497.170616
-673206.122744
0.0000000
-557560.241379
0.0000000
516605.635135
225148.835443
-301405.049645
0.0000000
222011.912621
-603709.484848
-168096.160000
-278397.781132
620348.178161
781186.782609
-223934.883636
739512.208955
567780.655172
0.0000000
228458.975000
-409069.705314
0.0000000
-287891.250000
199843.103825
-827487.381215
-551520.845361
756742.671756
413336.153005
738806.469880
-143849.810345
459895.621908
576519.456140
-262259.634921
168925.625000
-763687.350000
450614.340426
0.0000000
0.0000000
111957.393443
568993.149606
-579772.040936
0.0000000
-282885.406977
-173445.022814
-487740.351020
-535996.252336
-276962.268041
0.0000000
358429.818182
-327771.672316
611830.690141
566911.849315
-117842.725664
-431279.094241
-244090.046154
891361.275229
821655.278912
-584112.769231
761586.061224
-377922.324138
814196.411765
739885.150754
-175746.082192
-300093.243902
-366222.378378
638550.763006
497295.262626
492874.609929
0.0000000
399794.707317
522789.617450
609706.216216
0.0000000
844707.880150
727014.843902
807747.396947
763122.943662
-610847.381443
0.0000000
689406.259542
388420.033898
813891.504587
-236312.021978
-487924.000000
-361443.568047
-795085.612319
0.0000000
-466966.957143
0.0000000
694145.269841
-610281.756098
616265.557692
-431690.994286
944729.339450
309367.500000
0.0000000
360515.291667
123546.388430
-514873.902439
-39861.000000
473771.636364
544955.703704
-901173.358025
-178070.760331
-224260.928000
-376466.281690
248413.135135
-664382.185185
0.0000000
379125.800000
23613.777027
-908263.609155
-458131.617143
-325417.967742
117378.468013
893133.020202
683585.460251
699999.582734
-825002.858131
0.0000000
-225912.367491
637872.330275
405835.600000
-380425.224000
-26427.278788
-98021.250000
0.0000000
-52581.932292
374457.395349
272691.635379
510306.299539
269197.250000
361917.877778
-416828.678571
945627.704082
276747.375451
0.0000000
0.0000000
765344.756906
0.0000000
661297.863971
637438.333333
