999 1000
93 -975888 269 -611711
69 -347431 -22 -736521
307 -907350 13 -163952
286 -938106 525 -584273
457 -973990 234 -936745
542 -161614 437 -16790
619 -574796 446 -590193
611 -869261 361 -702499
988 -954994 934 -235664
850 -231584 567 -217253
1062 -339219 962 -744276
1258 -662934 1019 -667823
1103 -747802 990 -211678
1281 -611143 1161 -888839
1548 -104617 1815 -522980
1636 -211061 1860 -817028
1580 -66262 1745 -374298
1635 -884037 1636 -712822
1786 -793459 1736 -164076
2030 -91128 1941 -721425
2136 -289647 2016 -909492
2081 -614519 2373 -916529
2386 -899277 2640 -663165
2393 -169414 2618 -77904
2428 -257080 2493 -474204
2669 -841911 2906 -872593
2568 -595322 2306 -685552
2677 -81895 2539 -503733
2817 -740656 2719 -774636
2837 -476855 2950 -717477
3114 -540588 3037 -641312
3095 -938414 3117 -522256
3384 -454338 3347 -321147
3236 -476233 3217 -604694
3522 -777732 3816 -487437
3544 -704694 3459 -981390
3667 -632699 3868 -773191
3756 -429710 3493 -406540
3908 -375453 3892 -660918
3917 -626876 4058 -936900
4101 -231464 3969 -81704
4278 -688120 4125 -672348
4263 -451749 4092 -36796
4332 -131677 4400 -369893
4564 -6831 4463 -964423
4452 -384110 4697 -531723
4785 -8672 4655 -885486
4884 -503640 4779 -349412
4855 -911941 4811 -4518
4986 -258231 4767 -203260
5200 -372570 4919 -621029
5188 -144742 5134 -475573
5265 -893295 5357 -478406
5345 -312723 5631 -277336
5484 -205621 5471 -194654
5515 -779327 5305 -217160
5693 -224728 5493 -947995
5791 -496763 5647 -570625
5846 -607627 5602 -929158
6014 -102964 6240 -379933
6011 -810296 5954 -760697
6299 -123538 6485 -905748
6300 -768146 6523 -780765
6311 -431625 6425 -717297
6484 -780632 6405 -998786
6692 -866672 6533 -846862
6547 -590076 6656 -138658
6681 -363762 6968 -52416
6873 -651999 7093 -550195
6855 -77366 7019 -475792
7048 -241186 6818 -598271
7297 -931733 7352 -271677
7214 -72469 6964 -930740
7322 -485278 7170 -561868
7450 -520487 7707 -271105
7477 -183342 7365 -950074
7684 -139516 7506 -394056
7873 -189654 8131 -418487
7853 -633779 7776 -414156
7954 -549508 7955 -820757
8025 -518049 8244 -982030
8020 -507742 7887 -77005
8360 -54023 8196 -401325
8256 -904493 7980 -572664
8365 -547218 8657 -90511
8517 -903771 8394 -268117
8589 -686610 8547 -77452
8869 -47925 9059 -386821
8812 -277997 8776 -869761
8953 -456533 9008 -769423
8984 -221285 8806 -791820
9161 -742656 9181 -935065
9140 -508205 9361 -639014
9238 -543036 9266 -230821
9464 -35043 9640 -350655
9608 -650591 9584 -23032
9661 -211162 9649 -178811
9697 -51382 9778 -233486
9737 -602638 9651 -819635
10027 -824498 9966 -680595
10087 -761411 10080 -208957
10178 -319494 9880 -809822
10302 -547623 10021 -478666
10406 -119265 10646 -102960
10499 -388873 10422 -311575
10480 -718057 10269 -1275
10604 -882984 10641 -194319
10780 -159602 10724 -787889
10819 -412220 10625 -468715
10941 -503555 10814 -959147
10921 -37644 11109 -576912
11103 -428794 10845 -952729
11282 -930156 11397 -923010
11311 -415008 11461 -473905
11514 -234684 11440 -953603
11448 -902506 11455 -272299
11596 -902214 11656 -44905
11795 -790940 11648 -792169
11918 -617944 11774 -476062
11887 -146607 12171 -94410
12100 -140767 11839 -42084
12049 -864379 12306 -388487
12267 -987968 12192 -963724
12430 -683233 12491 -816158
12577 -432961 12536 -14983
12509 -591491 12778 -816273
12576 -387589 12698 -959529
12686 -921089 12798 -804364
12991 -192746 13144 -955185
12988 -156695 12834 -279634
13016 -121625 12921 -190424
13109 -867543 13215 -32743
13176 -263038 13028 -488429
13458 -219545 13417 -812886
13337 -98651 13443 -690790
13481 -160192 13457 -84945
13684 -206500 13976 -41379
13853 -855925 13764 -728702
13982 -811382 14042 -758328
13972 -746387 13935 -804962
14199 -206116 14334 -77816
14089 -762489 13955 -546100
14243 -933421 14130 -980317
14460 -952866 14668 -303679
14458 -362722 14177 -724124
14696 -170424 14599 -908582
14651 -899010 14785 -284055
14848 -453130 14727 -618296
14931 -163416 14879 -440564
15027 -176906 15301 -586517
15109 -953969 15143 -72808
15230 -532925 15166 -126193
15225 -994333 15085 -509440
15337 -158149 15147 -376027
15354 -375656 15071 -19128
15500 -693554 15665 -406493
15737 -738558 15515 -802523
15699 -905892 15839 -976368
15947 -88616 15794 -6810
15877 -461485 15903 -216453
16195 -670407 16309 -820686
16040 -225575 16315 -169196
16232 -536347 15963 -203430
16203 -60064 16076 -594629
16377 -691540 16482 -514666
16631 -25125 16673 -730764
16694 -861589 16467 -964269
16710 -491254 16608 -659959
16797 -589859 16840 -928870
17006 -938138 17237 -433198
17131 -819342 17124 -215919
17241 -946886 17334 -939886
17112 -354756 17071 -597898
17294 -600928 17413 -286991
17461 -261575 17437 -281395
17627 -225989 17484 -972478
17737 -909978 17918 -257566
17723 -197975 17618 -675280
17828 -308960 17960 -731695
18030 -4770 18080 -589405
18005 -493936 18004 -921590
18233 -179867 17946 -809809
18135 -425266 18342 -622074
18262 -159427 18322 -817520
18550 -918838 18664 -543602
18608 -453585 18734 -896098
18711 -883926 18902 -724946
18681 -433631 18558 -70631
18963 -329610 19116 -268805
19100 -236771 19307 -476139
18942 -900329 19062 -181358
19197 -786461 19291 -761569
19379 -6394 19312 -754872
19435 -989292 19677 -880728
19560 -980496 19478 -400478
19630 -881423 19667 -103570
19681 -385609 19413 -487622
19891 -583135 19866 -907954
19734 -512754 19654 -521313
19856 -660908 19801 -182571
19983 -573405 19712 -839172
20192 -852609 20223 -929402
20136 -138633 20083 -394548
20500 -281423 20553 -713720
20316 -684395 20037 -314353
20531 -199863 20575 -842075
20763 -906646 20784 -103906
20624 -208894 20367 -376175
20813 -597981 20913 -120070
21099 -295703 21314 -328224
21129 -156016 21121 -367094
21228 -914811 21099 -587333
21284 -54088 21513 -474662
21483 -373625 21634 -765906
21306 -241018 21140 -534394
21678 -599570 21786 -797885
21644 -39241 21641 -682964
21686 -877441 21649 -361230
21851 -257101 21953 -803366
21999 -883638 21978 -852468
22120 -355128 22302 -980561
22064 -422968 22147 -266614
22318 -724213 22187 -853129
22270 -28459 22356 -412333
22500 -71525 22652 -906328
22417 -288356 22267 -840574
22761 -26517 23053 -732770
22853 -6419 22683 -735761
22938 -978489 23221 -455761
23082 -702326 23353 -446475
23066 -564597 23196 -434631
23169 -387200 22914 -780932
23161 -293756 23073 -614357
23233 -291156 23239 -305354
23386 -212559 23184 -936074
23422 -483317 23613 -317663
23643 -896266 23481 -932402
23847 -469967 23698 -766997
23809 -845983 24025 -440366
23844 -414842 24061 -991484
24011 -563058 23894 -771814
24081 -720731 24368 -20538
24251 -348584 24418 -380562
24229 -227222 24210 -378453
24416 -400691 24707 -242114
24590 -223229 24465 -266226
24662 -882993 24763 -312442
24755 -465945 24759 -451867
24934 -740047 24668 -482346
24928 -77085 24918 -769515
25082 -775849 25066 -486633
25239 -350203 25155 -446008
25388 -429723 25639 -648622
25444 -839001 25510 -455964
25518 -767788 25350 -412252
25610 -944404 25685 -161599
25717 -408206 25666 -452540
25689 -72191 25715 -129171
25912 -316719 26121 -587659
25850 -886181 25830 -626557
26078 -104867 26165 -967095
26207 -147060 26098 -602844
26340 -423751 26622 -760827
26290 -925893 26337 -711619
26359 -45268 26460 -363939
26555 -997893 26524 -956373
26681 -521316 26858 -136402
26887 -618884 26766 -342392
26986 -677221 27195 -700346
27001 -477136 26795 -816690
27017 -883947 26924 -191371
27048 -342346 27076 -820555
27173 -818116 27384 -604716
27378 -227836 27395 -522774
27305 -837455 27207 -265745
27462 -802488 27278 -770431
27590 -837142 27445 -700828
27861 -813971 28110 -370338
27721 -122135 27444 -813024
27859 -340003 27864 -782967
28030 -520558 28164 -319899
28115 -793779 28209 -785762
28222 -744661 28148 -85653
28256 -752962 28292 -629538
28396 -419222 28680 -663643
28502 -117384 28347 -299180
28711 -854732 28508 -840633
28680 -677721 28739 -767248
28946 -175311 28767 -250508
28845 -733558 29110 -194744
29037 -283061 28828 -599765
29008 -100168 29304 -319416
29222 -84249 29504 -919642
29229 -785530 29273 -826497
29322 -676119 29031 -52009
29535 -648929 29474 -511090
29636 -387789 29695 -590605
29850 -331840 29882 -369354
29756 -714545 29867 -237214
29810 -728517 29680 -461699
30153 -544832 29940 -546495
30291 -847201 30425 -258114
30241 -489752 30182 -886529
30228 -430401 30096 -112990
30439 -959332 30686 -220000
30445 -889160 30148 -523255
30515 -696266 30522 -646480
30637 -745654 30853 -896876
30737 -79439 30919 -33524
31068 -956357 31056 -147606
30993 -156621 30952 -922257
31085 -769231 31039 -511952
31119 -633881 31221 -304865
31395 -478748 31117 -282662
31464 -647030 31170 -553469
31599 -637635 31427 -367030
31515 -71342 31399 -166423
31747 -969208 31796 -195136
31909 -359270 31773 -324840
32005 -981642 32072 -542601
32020 -452446 31809 -361588
32246 -322274 32039 -394541
32364 -987748 32164 -774899
32293 -841484 32522 -690669
32571 -718176 32692 -464924
32562 -568317 32305 -289919
32638 -88008 32910 -646774
32842 -656827 32696 -943385
32851 -202566 32683 -265368
33093 -622643 33254 -96318
32996 -540628 33029 -218259
33207 -714174 33377 -296913
33198 -339434 33443 -355061
33292 -541697 33000 -843828
33547 -47997 33654 -23986
33404 -373647 33487 -573981
33750 -577112 33613 -554776
33818 -337362 33949 -439683
33879 -71528 33774 -493254
33802 -519469 33564 -714243
33977 -645532 34186 -450024
34227 -319972 34164 -887498
34229 -49407 33949 -753725
34444 -739795 34539 -679094
34392 -107153 34105 -873110
34564 -487924 34685 -651421
34687 -295563 34854 -139040
34649 -386334 34887 -656687
34812 -442035 34902 -892585
35015 -66258 35236 -601253
34976 -227825 35055 -573830
35238 -321601 35301 -523419
35330 -892152 35346 -377063
35286 -808860 35041 -744959
35538 -722265 35651 -272785
35429 -196537 35670 -857050
35623 -138332 35434 -819275
35858 -121837 35722 -217379
35861 -358118 35662 -852693
36087 -389722 36213 -804448
35987 -25912 36267 -445454
36089 -79227 36352 -184671
36199 -417020 36472 -953058
36408 -413167 36693 -436414
36526 -365096 36662 -593977
36528 -423966 36575 -393763
36789 -547711 36833 -406154
36635 -317150 36404 -16422
36978 -836581 37229 -827466
36974 -596044 36998 -289645
37164 -419913 36995 -508857
37292 -709045 37254 -575027
37104 -542114 36838 -613770
37265 -200213 37165 -421671
37421 -398537 37290 -578755
37613 -764626 37381 -741788
37549 -270381 37437 -725996
37701 -907306 37436 -580408
37813 -333356 38031 -837583
38055 -329703 38084 -857996
37963 -158893 37833 -295629
38146 -634158 38035 -27602
38308 -68710 38026 -649418
38269 -381241 37998 -370423
38579 -229156 38503 -611185
38468 -445579 38676 -819097
38733 -690133 38752 -449748
38773 -934693 38749 -984717
38950 -555515 38676 -186565
39016 -15451 39017 -959441
39099 -167498 39193 -827297
39090 -598921 38970 -598053
39168 -814978 38872 -860518
39497 -14383 39473 -242989
39488 -41046 39214 -310227
39694 -160093 39517 -551169
39763 -48136 39876 -310698
39792 -737798 39579 -458512
39908 -394635 39988 -133065
39949 -700492 40021 -192176
40063 -8197 39764 -937332
40197 -108544 40399 -678702
40248 -618029 40050 -967550
40471 -558774 40338 -295434
40472 -433050 40546 -977636
40513 -187951 40286 -622958
40548 -775996 40599 -843503
40897 -374127 41183 -586158
40789 -825717 40975 -979376
41054 -781762 41255 -480093
41148 -445969 40967 -981967
41287 -159160 41287 -862010
41351 -491137 41465 -764263
41478 -384430 41637 -284841
41575 -815107 41822 -213961
41446 -644077 41621 -514491
41789 -122968 42070 -403994
41631 -949808 41622 -285859
41862 -155876 41606 -412837
42056 -761767 41779 -44125
42074 -217581 42057 -886409
42237 -226112 42333 -450223
42180 -715536 42126 -408955
42405 -408794 42557 -192218
42350 -58642 42259 -986233
42469 -813309 42475 -340299
42589 -603924 42711 -83785
42855 -917149 43150 -439369
42857 -748404 42573 -247813
42865 -669967 42919 -450940
42956 -277862 43052 -513125
43148 -394959 42965 -99428
43334 -843559 43269 -170437
43464 -939350 43680 -540218
43492 -29921 43415 -509409
43423 -292035 43379 -315701
43777 -246794 43960 -733841
43762 -856469 43928 -390784
43893 -48021 43690 -94985
43948 -511430 43732 -518289
44048 -293771 44182 -845917
44138 -303261 44285 -869118
44315 -577537 44186 -515553
44491 -41897 44426 -680317
44481 -377961 44272 -172308
44607 -744785 44903 -498628
44763 -30332 44719 -259830
44712 -133691 44596 -85298
44937 -31126 45195 -81
44939 -380990 45156 -576463
45090 -435992 45267 -142615
45069 -587309 44847 -689007
45211 -943064 45211 -368679
45386 -751810 45246 -681797
45571 -71573 45767 -970469
45485 -928354 45564 -322175
45632 -263748 45461 -350094
45752 -877757 45597 -687118
45966 -119890 46218 -930763
45992 -26361 46150 -268098
45975 -265006 45915 -815452
46275 -164442 46528 -779284
46330 -647142 46311 -509689
46476 -337798 46646 -754344
46536 -322081 46536 -441012
46681 -151672 46540 -705588
46700 -914339 46559 -577344
46867 -984556 46983 -219690
46737 -900945 46476 -673510
47016 -66318 46842 -763725
47016 -527983 46898 -166517
47038 -446160 47056 -833962
47281 -482299 47264 -548898
47454 -114918 47243 -176274
47541 -770968 47375 -704922
47434 -389251 47368 -775608
47572 -460922 47799 -184676
47801 -113807 47712 -395942
47824 -847226 47637 -110440
47991 -146546 47893 -648789
48118 -162577 48307 -704352
48261 -288537 48352 -390982
48132 -290794 48105 -644034
48376 -99316 48598 -154165
48593 -983261 48866 -647470
48405 -676408 48134 -672208
48738 -282895 48996 -280420
48875 -723586 48700 -729121
48760 -683811 48740 -685131
48862 -113085 48753 -496980
49178 -624962 49152 -49105
49274 -607534 49183 -157118
49350 -334067 49534 -202059
49415 -319033 49401 -849098
49333 -728499 49502 -638980
49663 -617055 49672 -360853
49618 -312347 49337 -84671
49802 -50571 49664 -346075
49783 -997462 49907 -594616
50052 -554443 50046 -353377
49928 -812661 49760 -99208
50120 -947171 49944 -321281
50159 -134528 50391 -274641
50301 -431046 50373 -142405
50423 -587499 50311 -151008
50700 -717698 50715 -53742
50773 -810278 50964 -581086
50659 -352137 50795 -667976
50850 -350587 50553 -675997
50831 -362595 50603 -128797
50996 -313191 50804 -272353
51234 -63207 50951 -991461
51303 -731349 51434 -893717
51262 -107784 51068 -88647
51515 -394269 51312 -27967
51479 -555445 51531 -106278
51715 -618361 51438 -741874
51762 -316640 51684 -559423
51726 -285482 51801 -836387
51848 -151100 51723 -697240
51929 -254660 52211 -790870
52009 -128306 52229 -79219
52142 -913465 51856 -564184
52354 -783913 52503 -738094
52413 -744185 52709 -76492
52696 -252414 52631 -913364
52753 -737807 52872 -131620
52741 -116886 52505 -231702
52886 -242518 53172 -115683
52803 -802110 52844 -276208
52958 -118361 53183 -647618
53209 -291159 53401 -531795
53225 -114709 53182 -355154
53282 -195770 53031 -295430
53563 -386278 53389 -172904
53407 -668968 53634 -930099
53523 -490128 53630 -544061
53808 -891032 53739 -888000
53825 -245492 53996 -810487
54072 -837552 54196 -981639
54010 -300609 54115 -395583
54205 -194630 54213 -64410
54273 -768703 54120 -589168
54486 -339113 54649 -622386
54322 -579355 54380 -421343
54591 -117681 54560 -240409
54597 -545377 54305 -702753
54696 -168869 54602 -269439
54733 -652716 54924 -354243
55010 -625157 55017 -507501
54988 -989148 55028 -241522
55214 -793408 55376 -716981
55126 -653004 55120 -490637
55379 -401572 55656 -948672
55523 -166365 55653 -698396
55430 -418554 55232 -230671
55614 -57636 55889 -78685
55676 -297240 55427 -437240
55965 -477090 55905 -353534
56002 -401583 56199 -663540
56140 -97721 56241 -847335
56228 -274399 56367 -367732
56265 -57858 56168 -669321
56354 -176941 56347 -489459
56391 -614394 56528 -11997
56586 -639861 56381 -333615
56774 -128225 56638 -782593
56878 -314767 56625 -291741
56936 -1275 57168 -19146
56948 -885901 56658 -677174
56948 -853815 57064 -732189
57031 -498044 56942 -481700
57204 -12420 57245 -45276
57440 -125436 57546 -670608
57566 -257785 57372 -670718
57632 -862410 57424 -716434
57772 -60206 57625 -898550
57799 -712141 57942 -263831
57895 -870160 57678 -203898
58020 -770277 57740 -907761
58110 -380744 58389 -863923
58151 -418871 57989 -375698
58345 -208121 58376 -327203
58482 -22372 58268 -449682
58334 -537703 58612 -77622
58577 -404798 58723 -497140
58523 -344911 58437 -497390
58867 -106158 59052 -493204
58852 -769811 58759 -169671
58893 -661895 58940 -555668
59179 -479555 59442 -37920
59063 -700700 59062 -692413
59334 -328202 59469 -294819
59322 -798630 59618 -364562
59584 -622557 59841 -436318
59472 -402997 59587 -334857
59720 -288412 59763 -202449
59837 -600781 59708 -829865
59970 -991538 60040 -153907
59983 -962245 60252 -578118
60030 -102986 59745 -928658
60033 -132058 59789 -1768
60138 -734554 60375 -427253
60328 -417176 60459 -171332
60432 -166055 60512 -554192
60450 -563257 60661 -684394
60761 -119424 60625 -406118
60727 -483774 60936 -895428
60702 -212820 60577 -599308
61016 -499440 61217 -38608
61016 -301231 60941 -51778
61092 -489137 60817 -496935
61387 -930318 61603 -1860
61453 -692576 61706 -296246
61338 -176428 61136 -875056
61692 -411669 61820 -618891
61724 -99362 61582 -17093
61698 -293322 61958 -743956
61880 -247773 61890 -644963
62084 -356484 61785 -146534
61949 -914682 61810 -156572
62125 -143314 62101 -86659
62162 -844031 61981 -740776
62361 -770386 62415 -619749
62517 -328943 62537 -465865
62661 -436793 62885 -758182
62638 -356629 62780 -586657
62842 -615425 63119 -146770
62895 -113829 62994 -798873
63040 -524554 62886 -185331
63120 -79443 63109 -556049
63171 -752115 63104 -977097
63221 -454255 63221 -619605
63301 -978877 63475 -927581
63506 -558016 63545 -885514
63413 -806595 63646 -93031
63674 -852215 63556 -631087
63695 -833933 63947 -918121
63981 -797559 63703 -485617
63814 -942263 63660 -975165
63914 -89277 63911 -751612
64122 -932823 64208 -540169
64330 -214757 64277 -233829
64256 -375790 64406 -406377
64541 -499052 64617 -803337
64641 -165631 64723 -242016
64551 -521640 64702 -943266
64609 -25811 64803 -49827
64771 -308821 64682 -616691
64951 -546608 64759 -370512
65109 -996253 65020 -845118
65199 -942254 65021 -48241
65296 -341000 65165 -720184
65241 -3835 65233 -35536
65568 -318459 65284 -529665
65652 -243295 65596 -493341
65583 -234191 65549 -316561
65859 -829396 66088 -837573
65786 -112643 65743 -557285
66071 -74991 66167 -443475
65917 -40015 65893 -761969
66264 -681373 65972 -818972
66130 -522950 65831 -773466
66233 -99514 65977 -999872
66315 -986978 66223 -422573
66600 -303452 66846 -781272
66628 -451507 66521 -427514
66625 -176952 66898 -289866
66731 -961444 66942 -383446
67082 -715895 66803 -479801
67076 -251451 67354 -653733
67033 -74516 66950 -809846
67125 -329068 66951 -794713
67237 -628049 67487 -974272
67487 -3714 67295 -411655
67584 -253637 67657 -285217
67690 -542975 67601 -58883
67765 -928722 67548 -792796
67919 -535469 68121 -362077
67859 -333920 68151 -269878
68010 -931437 67856 -993709
68059 -886689 67794 -884789
68145 -281722 68337 -145909
68401 -760883 68500 -297651
68562 -792987 68369 -115977
68459 -815136 68504 -539121
68621 -229275 68343 -843242
68823 -604355 68810 -210711
68782 -495905 68660 -697328
68997 -342244 68746 -970894
69089 -657570 69156 -792216
69236 -906688 69020 -646944
69107 -584154 69023 -126649
69410 -357885 69284 -192833
69461 -956531 69556 -175975
69406 -853524 69286 -258330
69716 -389783 69864 -838004
69873 -47193 69680 -445351
69869 -838506 69853 -649387
69919 -401547 69777 -79882
70098 -520637 70120 -982463
70246 -803415 70143 -161428
70137 -895939 69861 -31578
70396 -812679 70446 -955910
70430 -358319 70622 -412441
70417 -389895 70401 -192241
70612 -455775 70756 -341231
70767 -62185 70851 -158118
70847 -633926 70738 -596504
71031 -883236 70968 -589472
71118 -482272 71399 -738649
71220 -673289 71422 -24197
71332 -939760 71070 -824887
71485 -798159 71254 -165582
71302 -619124 71162 -724149
71406 -967873 71144 -296853
71600 -735323 71466 -911276
71821 -426677 71924 -947463
71752 -377567 72027 -88022
71834 -802552 71929 -806250
71954 -704651 72048 -722387
72290 -603065 72083 -616677
72326 -591543 72558 -910303
72427 -947036 72271 -397055
72392 -448513 72620 -375879
72642 -787762 72480 -837028
72610 -86693 72397 -330916
72887 -280183 73042 -273382
72707 -605080 72910 -267587
73021 -24642 72925 -953573
73133 -661839 73048 -568096
73299 -711734 73435 -564443
73346 -898389 73124 -470149
73442 -982847 73289 -804252
73336 -343713 73626 -665825
73681 -467348 73663 -690023
73777 -59320 73549 -727208
73758 -498773 73974 -61819
73914 -222040 73722 -318261
73909 -537392 74204 -689513
73990 -608377 73804 -776456
74019 -51447 73851 -305108
74209 -459965 73920 -218205
74480 -564575 74600 -817941
74319 -593886 74609 -299448
74674 -398404 74858 -9704
74554 -927388 74578 -134863
74745 -660739 74527 -357921
74791 -611212 74773 -771063
74930 -303301 75178 -236473
75111 -664484 75060 -527298
75202 -137944 74961 -100463
75157 -933263 75356 -242462
75348 -178940 75300 -294404
75592 -905163 75766 -30886
75667 -429796 75587 -943475
75685 -253139 75950 -483952
75839 -885297 75745 -4413
75817 -357927 75886 -309375
75813 -555387 75927 -261682
76064 -805949 76020 -848907
76088 -378029 75889 -56812
76110 -790944 76029 -51927
76289 -27744 76469 -43427
76505 -686800 76504 -153647
76572 -634958 76830 -248639
76539 -623931 76685 -159853
76849 -11872 76561 -677206
76876 -201462 76823 -198372
76809 -409319 76938 -589440
77198 -819472 77121 -981931
77138 -219698 76839 -664846
77262 -116207 77223 -786204
77280 -928474 77515 -650872
77399 -720081 77406 -936620
77572 -131676 77287 -620322
77621 -435916 77864 -832581
77614 -535568 77814 -638924
77955 -990568 77719 -57099
77943 -154281 77649 -542147
78194 -923771 78440 -599950
78137 -193739 78419 -793622
78232 -791230 78364 -680411
78292 -983283 78407 -705683
78572 -21257 78376 -945668
78498 -399773 78433 -725941
78621 -378793 78416 -152015
78611 -979715 78895 -786456
78956 -414314 78829 -165221
79017 -810999 79176 -999911
78951 -650596 78825 -533818
79294 -978520 79258 -235544
79317 -400230 79142 -458801
79461 -429766 79340 -67205
79463 -831927 79726 -933165
79634 -904755 79463 -835790
79563 -423213 79612 -559371
79834 -950647 79579 -302411
79771 -57477 79643 -663796
80054 -855741 80036 -584550
80181 -222689 79989 -7143
80094 -504858 79889 -215363
80382 -697574 80478 -396275
80408 -41653 80641 -493390
80303 -849501 80377 -174320
80481 -616540 80365 -27963
80780 -498556 80649 -620723
80748 -205258 80613 -521481
80860 -752334 81061 -733558
81018 -573986 80722 -440499
81113 -8147 81356 -409067
81089 -542268 80821 -8439
81281 -775435 81525 -435980
81246 -440027 81211 -635519
81494 -468627 81467 -302056
81542 -162862 81380 -377933
81726 -661744 82015 -903702
81814 -890858 81624 -417175
81813 -673516 81822 -720049
81919 -243181 81738 -103740
82019 -457331 82034 -167394
82136 -137922 82266 -988256
82216 -286775 82065 -422568
82251 -83114 82535 -487201
82466 -550749 82621 -505174
82447 -783674 82701 -66010
82573 -407593 82663 -508334
82785 -422012 82620 -982537
82932 -724293 82944 -58062
82945 -426405 82666 -594919
82928 -573423 82982 -654806
83025 -100639 83313 -990461
83204 -789923 83177 -262362
83289 -365026 83175 -144107
83568 -314375 83807 -374303
83650 -627864 83940 -351211
83777 -870607 84001 -824396
83645 -69210 83800 -902999
83822 -544608 83999 -884280
84072 -608607 84352 -422434
84099 -147377 84116 -493996
84185 -332857 84021 -230200
84169 -225282 83962 -647493
84363 -336751 84453 -886068
84534 -555120 84556 -384504
84605 -915580 84596 -146857
84758 -455292 84487 -294939
84799 -720777 84579 -716399
84803 -608649 84948 -716073
84969 -553632 84936 -732470
84936 -843925 84902 -906105
85194 -880284 84979 -587210
85272 -399192 85230 -681423
85211 -889989 85037 -384946
85301 -237651 85220 -589115
85423 -87742 85528 -376564
85787 -289668 85672 -313667
85880 -78009 85948 -89823
85753 -270282 85901 -549916
85919 -62343 86183 -152984
85923 -956269 85647 -44359
86049 -707399 85842 -117321
86189 -971406 86478 -195870
86214 -367530 86327 -164569
86584 -811190 86304 -173322
86507 -560794 86700 -870912
86681 -204254 86454 -597594
86705 -589273 86509 -115719
86728 -294561 86843 -286036
86827 -104703 86648 -525825
87109 -333960 87233 -892630
87011 -1506 86917 -722965
87369 -212732 87184 -758065
87277 -70559 87464 -5486
87523 -785527 87304 -72617
87460 -941751 87758 -71023
87543 -148602 87445 -775878
87828 -709292 87778 -715298
87835 -25303 87675 -457136
87856 -193558 87845 -57748
87902 -161953 87961 -742690
88040 -102334 87821 -672858
88143 -413998 88064 -489175
88212 -310203 88087 -612885
88474 -668873 88306 -996521
88567 -669275 88818 -371104
88585 -840264 88854 -673066
88798 -261469 89043 -814022
88904 -154809 88885 -937002
89007 -809737 89172 -837168
88967 -792269 89038 -359874
89057 -751617 89084 -220469
89348 -718294 89321 -77841
89451 -808821 89433 -13722
89349 -239645 89051 -3663
89431 -795824 89341 -656153
89587 -139182 89776 -4573
89725 -244450 90024 -140207
89904 -507820 90117 -834271
89926 -208155 90133 -202789
90122 -618475 89975 -14353
90183 -67435 90313 -851030
90110 -864077 90185 -18915
90378 -105176 90374 -297057
90375 -406998 90638 -389235
90590 -833830 90768 -552280
90704 -519136 90591 -15554
90790 -683612 90742 -604880
90977 -466624 90851 -27612
91084 -911034 91363 -121209
91165 -308810 91306 -828746
91078 -656564 91200 -871446
91274 -15140 91109 -124693
91459 -354839 91469 -521594
91320 -751631 91545 -224754
91539 -792962 91271 -647694
91740 -809124 91623 -960549
91741 -71059 91718 -820549
91850 -138136 91873 -774352
92096 -212938 91916 -777056
91956 -300559 91787 -231587
92087 -963728 91899 -287764
92216 -166885 92506 -60850
92313 -861218 92263 -617634
92568 -952991 92402 -350466
92482 -245033 92243 -716729
92781 -84923 92902 -642523
92632 -359522 92878 -771592
92924 -846094 93105 -623851
92958 -827506 92738 -88864
92989 -646405 93262 -307381
93004 -424342 93110 -5637
93351 -169089 93302 -540504
93384 -608951 93582 -401387
93511 -661780 93299 -843136
93663 -615630 93566 -573456
93697 -423841 93847 -531595
93883 -972403 93911 -462845
94000 -608439 94017 -113895
93889 -325799 93767 -170515
94022 -378501 93881 -107539
94042 -44475 94116 -439335
94150 -317793 94079 -72465
94292 -111320 94276 -969927
94349 -973741 94475 -980597
94628 -184389 94581 -239971
94641 -843235 94814 -601538
94630 -128262 94502 -379904
94834 -633606 94814 -317503
94884 -693463 95107 -564048
95032 -162687 95201 -722518
95043 -421965 94872 -857207
95310 -43894 95530 -940879
95443 -70027 95180 -928430
95519 -166240 95685 -531214
95674 -560671 95579 -442198
95800 -965697 96052 -971314
95813 -550184 95762 -267466
95849 -63081 95564 -470742
95987 -63795 96159 -259393
96163 -127479 96038 -849250
96065 -672158 95774 -933795
96199 -194159 96337 -148845
96485 -357864 96427 -620838
96507 -589923 96530 -885285
96616 -752338 96890 -922708
96799 -491045 96788 -560658
96672 -15952 96897 -332919
96973 -572998 96991 -213295
97069 -622261 96905 -126096
97114 -433974 97377 -918498
97104 -389736 97349 -149241
97167 -787335 97445 -696327
97500 -39861 97689 -739755
97358 -169077 97594 -961937
97517 -737637 97385 -419253
97607 -767567 97522 -557900
97613 -443735 97348 -953890
97834 -686464 97935 -412689
98048 -175587 97900 -832405
97993 -598138 97727 -997675
98022 -394949 98004 -270963
98363 -443249 98077 -981783
98452 -389093 98431 -34811
98516 -140496 98422 -661102
98481 -690846 98297 -134582
98689 -988896 98462 -128231
98736 -237021 99021 -530126
98744 -327411 98830 -857193
98875 -753562 98783 -632295
99098 -624746 98975 -875385
99084 -203182 99166 -351448
99349 -932143 99457 -478129
99214 -671332 99431 -93019
99413 -887775 99335 -412766
99542 -775427 99399 -848964
99605 -376697 99320 -846255
99710 -775118 99792 -329416
99904 -221346 100113 -157725
1 88139
1 8433
1 11871
1 31270
0 68417 481806 68562 980459
1 51424
1 63802
1 53129
1 28081
1 28857
0 16576 115195 16542 184936
0 45363 945331 45462 606863
0 77502 987521 77408 773982
0 71331 620669 71590 483633
0 9866 851910 9997 580890
1 22268
0 25121 840447 25048 353421
1 32437
1 13301
0 1266 556532 1135 828509
1 62101
1 42994
1 55632
1 56172
1 81095
1 15727
1 45179
0 66950 704915 66875 258325
0 73111 102435 73325 564710
1 26763
0 33516 103879 33799 588267
0 19835 762691 19589 205929
0 87277 1200 87317 493112
1 20275
1 42965
1 89492
1 5542
0 90521 959509 90719 64585
0 24107 838206 24319 852281
1 83041
1 94644
0 41386 545890 41467 52980
0 39189 843256 39480 186460
0 71650 809990 71889 396145
0 32249 537936 32398 607863
0 28159 758117 27887 197802
1 83649
1 22195
0 30857 947457 30814 765292
0 51051 584616 51008 979200
1 95272
0 40154 259620 40004 220537
0 59839 478909 59998 391794
1 49835
0 74009 322171 73989 163867
0 23178 97337 23028 917909
1 84080
0 559 257819 627 277658
1 18888
0 66558 86038 66681 618233
1 43536
1 450
1 56691
1 43071
0 85814 752814 85733 964132
0 23639 295184 23696 759641
0 89396 588942 89544 572494
0 53048 346499 52762 265033
1 32123
0 82604 365842 82634 108475
1 33526
0 31251 367711 30994 879852
1 63844
0 40197 333712 40478 323340
0 40127 488692 40345 916604
0 70010 936042 70091 337076
0 57926 53019 58090 877297
0 81344 648138 81107 768936
0 100053 38418 100247 843098
0 2849 389350 2745 959223
0 40185 93726 40266 25631
1 26516
0 24944 818641 24840 619632
1 15510
1 52798
0 40788 110307 40721 715505
0 4688 297500 4789 466555
1 52789
1 74421
1 81460
0 86782 355359 87060 400640
1 75620
0 62838 837082 63080 125161
1 97683
0 56550 178323 56578 788379
0 41826 346326 42061 959020
1 20451
1 4789
0 25422 899431 25448 664931
0 84204 925265 84165 986637
1 98590
0 78515 873917 78554 993727
1 69766
0 46835 288307 47041 986933
1 47246
0 42410 51900 42549 961858
1 54193
1 26672
1 63105
1 46723
1 32611
1 94116
1 6667
0 29350 829457 29310 191438
1 36845
1 56473
0 56269 80571 56390 551854
0 37600 383813 37853 118273
1 15625
1 21276
0 80726 836399 80513 236099
0 94167 237442 94233 630830
1 35282
1 32642
0 91909 757108 92017 536796
0 6830 798054 6975 777100
0 48993 193520 48919 746133
0 62952 594422 63022 767008
0 15475 284675 15610 621638
1 43324
1 93891
0 40741 782280 40719 582190
0 30140 160703 30099 392952
0 32934 939640 33088 158314
0 77087 402924 76923 360157
1 7569
0 42733 472216 42545 831427
0 15498 920060 15531 287473
0 64711 709300 64523 95309
0 80607 525198 80749 803486
1 71089
1 78314
0 11445 309101 11296 168684
0 5452 119186 5284 428677
1 58133
1 65405
1 95954
0 92948 950275 92730 148369
1 77398
0 57896 24944 57691 329165
1 27705
0 84412 246647 84626 731682
1 67489
0 29542 68026 29781 797671
0 71378 758442 71591 331337
0 83681 363721 83828 806798
1 89575
1 10093
1 50655
0 47842 377804 48007 289008
1 57847
1 29654
1 79703
1 79490
1 27763
0 80864 912147 80987 719804
0 54188 183031 54314 181063
1 17284
1 91318
0 52821 596548 52661 998281
0 44405 86444 44445 972306
0 21439 403554 21701 911460
0 14915 628566 14756 157863
1 13190
1 38977
1 8349
1 27626
0 98175 155828 98431 137560
1 2545
0 87950 885625 87823 9304
1 91127
0 15252 351196 15503 270442
1 73319
0 32194 529896 32343 474167
0 55847 592689 55785 306042
1 49241
0 42020 454494 41733 394563
1 14854
1 86088
0 48831 633059 48754 102896
0 64210 817314 64281 274104
1 10984
0 39541 387672 39560 657459
1 15211
1 7166
1 43060
0 50157 182370 50239 942658
0 26444 678273 26214 510208
1 5852
0 84505 732392 84643 733708
0 22616 232256 22496 297169
1 20801
0 61211 566476 61207 736565
0 43976 324223 43820 197229
0 92900 906478 92645 193393
0 42773 373769 43072 591269
1 57334
1 30753
1 16569
1 75534
0 17740 285250 17676 374927
1 85037
0 62520 963995 62578 424637
1 89973
1 92874
1 29377
0 81810 658589 81871 335007
0 45030 504260 45103 753829
1 37730
0 37363 679279 37504 68046
1 96549
0 36759 112500 36959 439145
0 672 25834 376 6505
0 45520 932968 45264 328885
1 56789
0 68583 704346 68481 41419
1 2878
0 47909 487572 47901 119717
0 44139 260103 44105 263802
1 4941
0 28663 968462 28634 458827
1 2799
0 78412 822389 78621 333323
0 88868 109439 88689 52548
0 45528 234081 45379 768128
1 95514
0 24867 934394 24975 824481
1 4683
1 67379
0 27674 960524 27377 885561
1 29495
1 58764
0 49621 974406 49886 1854
1 9898
1 69297
0 32008 659647 31876 258414
1 49767
1 65301
0 54444 356334 54451 841463
1 61130
0 71170 689042 71228 430558
0 40023 390432 40160 239393
0 40864 649891 40716 256449
0 21547 695739 21785 73105
1 96789
0 80918 134999 80929 561206
1 55433
1 24399
0 41194 7465 41147 995989
0 47954 235430 48113 294479
0 55018 984014 54893 58377
1 3701
0 8139 470994 7872 829320
1 6408
1 17087
1 5930
0 75760 749218 75804 391079
0 47495 206783 47637 702793
1 52469
0 16622 626231 16808 781354
0 30975 149870 30974 633944
1 53092
1 73229
0 50627 545332 50474 193603
0 26367 140164 26169 312691
1 62976
0 62809 777679 63008 712843
1 26945
0 78321 389254 78190 489011
1 76032
1 14020
1 88832
0 40551 207953 40394 887065
0 61959 747248 61729 600367
1 17319
0 83941 475304 84187 580095
0 28657 428342 28406 735776
1 91143
1 78865
1 52634
0 88503 382784 88305 299061
0 25985 701405 26175 372280
1 30327
0 47733 398607 47673 407082
1 81467
1 84451
0 27647 726535 27782 887527
1 6626
1 56892
1 84630
1 1972
1 74503
0 22488 935655 22574 685400
1 4493
0 48498 390809 48470 620153
0 11727 563446 11483 495505
1 53434
1 38428
0 23913 232900 23947 326077
1 73099
0 84284 121274 84017 777782
0 51987 95746 51939 397436
1 72083
1 28836
0 13503 476535 13694 961349
0 60476 1772 60676 125184
1 92922
0 42838 650250 42681 67874
0 34195 15878 34085 722574
0 66962 502245 67187 649763
0 58989 623766 58841 89610
0 11552 159733 11442 874035
1 59869
1 25322
1 7995
1 39316
0 67378 859163 67129 442930
1 72140
1 97082
1 90206
0 46587 689294 46456 251713
0 65839 141361 65613 250065
0 42947 105773 43026 201715
0 11021 290978 11103 197467
1 85449
1 75347
1 10307
1 58412
1 34834
1 98113
0 49150 550696 49141 805846
0 79409 433083 79479 228561
1 19133
1 59978
1 29584
1 67
1 63361
0 1171 787761 1158 814445
1 46883
0 44805 385703 45102 689105
1 12883
1 25328
1 45663
0 61269 426862 61359 609427
0 50049 299466 49778 717881
1 89602
1 87568
1 17477
1 50739
0 92210 277660 92065 64109
0 33076 250956 33189 976109
1 33775
0 21128 624733 21391 86634
1 24918
1 5887
1 16019
1 51985
1 60608
0 74453 243931 74474 844279
0 61828 533107 61859 420750
1 94924
0 90416 552070 90199 341309
1 59482
1 43625
1 97863
1 91526
0 13907 119878 14049 717436
0 64695 305733 64521 731508
0 36665 268749 36754 123911
0 49382 326635 49585 474512
0 8254 224893 8234 828035
1 91433
1 28848
1 92707
1 43059
0 99737 157499 99780 435769
0 56440 433667 56387 573012
0 74004 682573 74062 204855
1 37538
1 8630
0 32809 578499 32811 691567
1 42885
1 38920
1 75050
0 83332 854524 83065 526911
1 7535
1 16528
0 42184 923697 41960 554454
1 15714
0 86187 206043 86343 961979
0 9647 507015 9724 273524
1 80458
1 47298
1 74723
0 85071 430187 84995 12754
0 36040 573980 35787 217114
0 54166 735282 54090 493945
1 44175
1 38298
0 73514 968413 73783 947394
0 44467 226020 44293 136710
0 64683 675734 64937 415040
1 68763
1 45520
0 84431 932500 84282 865260
1 97867
0 62003 230864 62046 90680
1 84239
0 78764 591249 78867 182309
1 60930
0 40998 466055 41106 343406
1 91810
0 27788 985515 27668 225261
0 39040 556290 38880 500900
1 54536
1 45134
0 50603 211296 50345 395926
0 60562 322019 60485 559823
1 28100
1 13860
0 64647 897431 64828 457285
1 68670
0 90473 268370 90652 470390
1 77057
0 15596 583835 15887 171557
0 77411 755925 77212 291705
0 57986 614624 57917 33640
1 31180
1 54832
0 95121 50238 95418 536597
1 45899
0 4396 620824 4461 599072
0 25627 669770 25867 551099
1 84497
0 73567 988335 73524 276523
1 98448
1 57361
0 94338 953325 94365 132411
1 68440
1 46268
1 63554
1 90246
1 58684
1 18562
0 60736 433125 60540 982035
0 90001 937717 90030 407058
1 54226
0 98238 270219 98534 849985
1 12958
1 73421
0 34744 135674 34966 410881
1 46502
1 78928
1 41075
1 16086
0 70162 844962 70040 299456
1 70709
1 10715
1 27878
0 87472 417986 87546 33430
1 99713
1 88826
0 9202 795863 9420 136122
0 18538 894613 18260 489763
0 45343 445321 45211 744984
0 10777 273092 10690 546730
1 10361
0 90917 51747 91093 619835
1 21833
0 30486 644050 30332 808309
0 86192 315236 86229 605791
1 79114
1 32976
0 96199 942469 96199 46001
1 24528
0 73718 37500 73667 670037
0 44448 573248 44329 19926
1 94333
0 15629 145381 15650 79607
0 2106 410393 2401 381584
1 54538
0 32071 540502 31937 191046
0 13895 572217 13687 755459
0 44685 256458 44634 889473
1 46625
1 783
0 55276 461285 55498 760826
1 76819
0 94912 976180 94745 39056
0 19357 881947 19523 707775
1 91368
0 22527 609615 22758 58439
1 47479
0 50047 609341 49778 972367
1 48070
0 61372 719336 61644 841766
0 66695 125855 66770 592584
0 82942 753757 82762 307358
1 64257
0 93516 331020 93644 321362
1 41962
0 95508 221804 95210 570368
1 41830
0 89944 987902 90149 40550
1 37012
0 15311 980527 15341 176154
1 65888
0 14481 359932 14679 685004
1 73188
1 85224
0 294 413590 456 703994
1 30048
1 96097
1 34846
1 98605
1 40830
1 71453
1 74324
1 5610
1 15092
0 81264 180868 81274 732120
1 32622
1 47496
1 20129
1 34075
1 33383
0 35155 869276 35294 774151
1 32755
1 86895
1 16851
1 37651
1 18640
0 95911 781158 95738 95851
1 5435
1 3353
0 74498 678087 74428 899513
1 64433
0 80086 615572 80314 18063
1 22861
0 50868 612309 50966 839540
0 299 831875 93 159891
0 41841 556556 41878 116952
1 54313
0 29192 815838 28898 890198
1 32605
1 32231
0 85622 980137 85707 337871
0 1805 461810 1849 424269
1 16612
0 6889 184462 7069 848833
1 20181
1 34410
0 86105 66035 86160 751238
1 37929
0 63374 961105 63311 790523
0 47068 496268 47180 647647
0 20280 395801 20073 381119
1 95771
0 5979 550172 5919 154247
1 16479
1 31259
0 31884 782927 31956 815018
0 70782 763104 70577 383284
0 33193 366472 33075 965341
0 68444 415772 68207 190597
0 90792 582150 90956 287327
1 54702
1 13299
0 85089 22000 85111 850248
1 86536
0 94672 288847 94395 270123
1 62386
0 37221 356835 37362 944319
1 21074
0 17620 425486 17827 185969
1 55828
0 34339 189935 34544 737703
0 8327 782036 8434 43608
0 56251 716686 55957 791567
1 92134
1 49339
1 44724
0 96632 542672 96466 904022
1 10322
1 70910
0 43284 412610 43296 280537
0 21147 263592 21243 383506
1 380
0 50086 19755 50269 421494
0 71068 757201 71239 320869
0 33901 982072 33968 962790
1 9195
0 82041 963477 82263 149527
0 28853 762844 29067 745106
0 53764 793634 53707 421843
1 55219
0 81617 580265 81570 922099
1 63397
1 6618
0 69166 35633 69109 738665
0 86667 564026 86791 247075
0 78496 413933 78218 412848
1 43639
0 62421 436383 62704 491030
0 95666 611377 95740 160546
1 86984
0 87525 905961 87618 127962
0 67755 967587 67835 31250
1 84
0 33606 387801 33798 372283
0 79865 947703 79629 953678
0 61321 945645 61523 207333
0 4917 717337 4834 98859
0 33741 160623 33897 453256
0 28096 70495 28177 112533
1 32165
1 32535
1 3947
0 50876 463132 50639 426142
0 1670 513887 1638 251352
0 52461 896659 52506 541347
1 32447
1 17405
1 55514
1 77184
0 34307 204757 34397 712123
0 58012 111395 57776 710881
0 62924 415262 63167 706899
1 97809
1 38022
1 91915
0 63296 810962 63432 371564
0 41489 331146 41457 378159
1 60196
0 70234 207639 70513 797637
0 48075 851747 47846 479426
0 -61 924098 223 721866
0 13782 839103 13561 407880
0 66470 909163 66533 955106
0 14727 221381 14835 178002
0 72389 388077 72674 174596
1 93714
1 31996
1 51762
0 96142 340193 96247 575578
1 41078
0 71755 714156 72023 844838
1 3022
1 47501
0 60720 163804 60449 231874
1 61707
1 24131
1 99961
0 55751 769806 55829 49483
1 85877
1 93108
1 80846
1 77129
1 34899
0 71722 697412 71512 42435
1 80655
0 7187 621809 7361 367626
1 15650
0 11214 12752 10972 147058
0 8993 101739 9096 466055
0 38082 95816 38019 98131
0 66328 209942 66535 451875
0 39281 954158 39507 742579
0 94902 21345 94661 718601
1 44295
0 73012 88061 73100 470197
0 10217 604186 10034 12228
1 82168
1 97497
0 51630 176712 51625 619328
0 65311 186476 65411 262021
0 73152 409555 72910 151454
1 98794
0 86755 644317 86831 126356
1 33184
1 61202
1 61274
0 70196 950149 70350 402759
1 92737
1 83241
1 18812
0 8697 565086 8681 165954
1 87855
1 438
0 39259 966130 39274 852888
0 53792 444102 53974 932578
0 64199 103574 64362 945746
1 94907
0 74420 976190 74183 90634
0 32757 53867 32820 715138
1 74
0 43729 455447 43948 401654
0 69775 812300 69533 706567
1 35361
1 10398
0 78236 638381 78077 581862
0 53112 712421 53356 426671
0 93037 912125 93051 795352
0 58370 785620 58179 49736
0 10185 550791 10227 927114
0 52023 687418 52295 737209
1 51592
1 85582
0 91399 846087 91449 554849
0 69268 162780 69113 584206
0 28032 583318 27800 908745
1 54330
1 59129
1 55317
1 74219
1 38195
1 55083
0 14340 687942 14169 394815
1 78857
1 93389
0 71588 819704 71381 729101
0 62121 92629 61955 29201
0 17655 353422 17855 709779
1 96780
0 48422 550512 48477 53087
1 75714
0 15616 468750 15580 761879
1 7188
0 58698 288933 58749 339602
1 71500
1 16048
0 5680 805258 5657 443565
1 71807
1 68442
1 83440
0 17556 138101 17841 966789
1 36830
1 19249
0 29205 878817 28989 115455
1 16927
1 9605
1 10092
0 15720 201234 15876 709286
1 62133
1 57428
1 9912
1 10158
0 98634 864442 98744 901147
0 93087 900328 93112 480587
1 67306
0 60344 176117 60278 829854
0 85715 357574 85900 186017
0 39866 638866 40105 405640
0 47185 802970 46950 715748
0 19031 667323 19180 420436
0 12218 510861 12136 260337
1 92279
1 33724
1 14275
0 76206 55651 76122 581798
0 24541 187614 24484 805090
0 29432 135591 29672 659148
1 69337
1 5425
0 7932 354877 7766 321652
1 75615
1 41866
0 14009 878643 14293 329551
1 81544
0 7635 365963 7450 196176
0 74151 587738 74187 327118
1 1486
1 50128
1 64787
1 94981
0 27524 122179 27278 609980
1 1930
1 48739
1 36324
1 4624
0 63509 546820 63409 174435
1 53614
1 14682
0 38824 475977 38837 735318
1 17000
0 61003 404064 61173 557992
0 80995 796676 81213 984325
1 9696
1 26770
1 14147
1 25080
1 39793
0 18415 665541 18257 526070
1 23482
1 37882
1 81105
0 6336 865028 6620 960707
0 50640 806258 50935 530119
0 18405 326492 18481 928493
0 84495 987211 84610 233308
0 66706 498612 66793 673961
0 13736 730975 13803 60420
1 29169
0 35413 724137 35632 980317
0 14050 796156 14098 871395
1 66057
1 83813
1 83912
1 92867
1 62925
1 76680
1 79949
0 71141 513548 71392 916717
0 90220 144490 90463 604434
0 20484 100105 20606 712251
0 75484 547259 75641 59725
1 29837
0 74448 583669 74569 32433
0 30193 176479 30350 742982
1 95875
0 59591 394731 59366 316273
1 95394
1 37406
0 87689 520692 87868 134484
1 44012
1 77075
0 70308 464410 70068 17800
0 61817 854962 61993 680184
0 22628 471241 22907 558387
0 48762 997730 48517 227039
0 40017 261730 40125 501001
0 27183 927608 27437 688558
1 32213
1 55386
1 4327
1 83324
1 34540
0 92165 384378 92042 987895
1 1145
1 80700
0 58395 595958 58263 983261
0 60893 27162 60763 152677
1 93652
0 65086 32509 65146 472890
0 26273 140605 26247 741882
0 66338 619117 66484 580016
1 55186
0 3100 355353 2958 296000
1 1202
1 2331
0 27651 534385 27542 2341
0 78210 469771 78028 898721
1 81015
0 36810 704419 36991 845798
0 90687 699737 90473 254898
0 52126 144520 52250 450536
0 11023 116694 10927 742703
0 66274 292029 66354 446149
1 49199
1 34564
1 95092
0 16994 690925 17035 13896
1 8165
0 35998 458741 35974 632127
1 20338
1 34063
1 84976
0 39833 527500 39638 756491
0 18683 928520 18959 787893
0 88352 775076 88276 719079
1 32818
0 30099 937160 29864 949637
0 97189 82195 97255 126689
1 13431
1 13845
0 8597 873045 8870 275973
0 77155 28922 77395 812227
1 79223
0 89281 137733 89226 439474
1 81167
1 66283
1 22430
1 5321
1 74549
0 69748 32732 69742 512794
1 17085
1 97500
1 85101
1 92013
0 60674 349758 60799 898015
0 50898 498417 51078 897908
0 93709 482859 94008 639065
1 23621
0 42825 975220 42760 790716
1 79377
1 24587
0 22731 240299 22937 145897
1 65490
0 735 557323 731 963707
0 51879 636421 52058 361027
0 59698 977973 59993 714169
0 60835 718032 60825 196968
0 14031 660068 14292 906919
1 58885
0 31650 8955 31473 558032
1 62399
0 30782 171900 30658 161768
0 29213 143457 29166 704969
0 47194 894159 47188 782622
0 3304 530149 3404 292873
0 76640 878375 76601 93041
0 11716 54129 11465 59373
0 56691 234515 56792 389703
0 55700 374893 55810 663850
0 76938 359618 76663 303723
0 56787 82033 56613 983942
1 52298
0 87189 642100 87113 668114
1 89237
1 638
1 78716
0 27056 748587 27124 736000
0 58950 825885 58904 221995
0 67816 433892 68001 482462
1 79144
0 30522 395284 30362 725639
0 90556 63219 90685 169770
0 83446 405946 83657 114107
0 32156 219751 31883 616161
1 26942
1 95162
1 27407
0 28990 335894 29247 667590
0 33025 397705 32923 15453
0 77637 692625 77742 609845
0 39022 606337 39065 345851
0 1381 679726 1485 916229
1 71723
1 42509
1 81921
0 24879 577302 24878 765460
0 1637 204095 1936 888205
0 23079 165433 22855 8828
0 2529 673448 2561 392389
1 62258
0 89763 331404 89953 31236
1 738
1 40203
1 8248
0 34151 585402 34069 734370
1 88183
0 67005 116147 66997 709385
1 91257
1 66077
1 85558
0 48065 622619 48095 950596
0 92375 41019 92390 88453
1 67464
1 50375
1 94433
1 90373
0 60412 480034 60504 536098
1 598
0 4327 864587 4481 692648
0 86879 921219 86726 487604
1 82784
0 6263 82023 6539 584176
1 37513
1 60553
0 25981 522857 26089 377556
0 26769 977974 26921 33845
0 72015 381991 71720 960769
0 10962 365835 10718 643777
0 52483 785309 52607 737856
1 94493
0 1540 943564 1422 651484
0 6103 146667 5979 727049
1 87063
1 85410
0 1123 526857 1350 820223
0 39879 92260 39739 90387
0 3338 731854 3331 465338
0 6687 788240 6909 478263
1 36888
0 81039 744737 80927 305108
1 99828
0 2213 300973 1956 805928
0 25356 77579 25479 398610
1 28112
1 77707
