500 500
521564615 721543218
93892602 75090099
774071397 41535908
132970335 379149477
439071534 453061291
580457031 741924902
773288815 352444663
915514564 82452274
91413121 48580734
96344576 786659587
642265589 55181680
861590619 443528848
72843770 164946270
666668425 743435612
990433551 867713821
552314792 101095296
521385076 524010401
798735228 606597662
903582364 589755933
807960868 607024433
647173294 340831851
506613838 810034461
995977893 456646437
70572811 225767231
373118824 600027412
422022104 416166125
327951550 339738898
994689326 70167475
134559601 202282080
254545837 365165677
555466595 168649023
536080733 482665615
807222093 965070724
390051288 978088492
119626997 474968586
523919895 400492125
327948945 911898950
707764512 158023595
952715779 98440213
85485638 532264864
457890714 503312077
253530063 345821195
700913418 856790544
746206595 170941587
324680070 695790787
741721571 309659696
914679253 189117788
510678467 842703706
745460088 645385099
77297939 494977365
63453783 556389930
770847118 372982201
95774418 158582439
823139018 777786156
396467568 702361930
737672894 749147495
766189031 675045012
194872578 795885420
11329056 226831904
608071226 651235756
298583654 817954221
836617512 785852572
57031056 874532015
931542075 753409633
42943576 439020627
369611322 250163588
611316442 225164906
838289461 355542689
54043011 297334890
289561733 7593962
634687045 46040300
480845366 856067656
173254901 373276507
611398609 973265136
857420426 857584646
632173037 158644696
784368603 624871215
520809264 604497785
778720650 162686784
729368643 104132006
843845380 534504331
718150011 812419792
617241950 980202211
592610072 917811156
932098283 993082043
36921626 449031468
62618637 667344249
534615150 38501783
573824021 541160740
914909931 129690138
292103309 28643365
635723573 653333256
935911219 852864649
335651122 243299716
660948705 654501904
901496516 882138715
826232599 382412673
422105237 269102628
335356848 880639854
665216855 763351142
220373607 2956445
926366100 130720835
925309110 302209887
539966020 541531624
215823639 834901649
445655667 676061736
949341530 133023827
825148370 920410721
872928091 221660208
237195176 548714932
147448590 490287305
848198400 663993937
818204501 498528837
927494613 453462141
259149575 181483101
34161116 728457086
229635266 957391811
325853147 754977125
374162887 925487651
123468055 947187932
536429719 268351905
732325907 670645691
281927329 936737799
569732149 385113568
874255719 548370128
989935205 593264192
908213591 359493935
195592080 422536069
365869765 510658657
307289227 646059126
868728759 320840385
920609281 685173279
953867798 465396053
477715928 629556314
818016773 8015838
932690458 782157119
103885333 151637773
247360691 272945543
558101524 55449050
136030692 604750686
79854272 399046728
731806737 140526634
112496663 426302601
777172244 368702230
629771070 237253153
816421459 527535058
19544847 288448899
294185835 43094219
935028456 882508830
198390032 965362063
631886209 216187071
972053966 878758332
468574050 488531156
595079644 475424401
100760355 948443501
138505432 952679404
961699680 902577272
13086999 977597533
639610625 677948956
178236327 810519759
980248108 441086322
681628699 477976046
789692990 767266861
603028430 326975917
837994364 943799417
128712246 395504663
808921469 350970778
592082262 684614594
703430066 896233801
561087079 191258556
459549470 630543035
32244067 134315147
469015437 459152389
865753585 684485452
989985933 732040621
344501461 346329377
359909448 64335810
765126707 685836213
194254999 995011140
153913874 546678522
185670209 246836994
910757349 126786751
940615856 21775891
554941154 745732440
945013731 944209484
550314660 974010934
260892869 148267490
971208945 883767759
794961944 991431713
8755028 562793146
530005296 708370572
897968003 942420207
30151312 73803614
939512666 149629523
339430254 267725727
946708729 543921118
971928615 586201221
203373063 371661961
245218593 365542885
787440590 534283782
47033379 55468806
910309264 562708454
413185756 636300809
969086180 343750142
194212237 792266510
322061951 28503134
74037276 828783405
861586861 506198271
471974409 912997460
160143196 783444436
425285601 524486833
883023903 507386941
111937975 95667392
219108337 488955053
754646255 161669162
974465394 696765106
146795547 951219005
134503853 98512575
548254984 348448803
462703406 659297278
494430925 91633835
923076181 349378245
778858001 937737002
575250722 362966201
82403950 119554343
613730803 374427902
815708976 182114324
84727771 886657128
660245952 182419053
775064941 546610963
178500025 70103147
718475394 184577719
878569578 567657536
381252887 922553324
653165001 603515107
153041851 826863385
523433876 28412869
419419889 993594462
472191041 631339995
228058954 447945567
428392566 94053525
256530905 603352870
957457104 435542841
857932795 996525246
968327862 723673500
283836131 321835462
559629792 334281159
513855452 609052790
207491857 709296391
101813729 42022777
349167646 910910867
251413463 231452393
873345634 856536913
468765297 359085640
558510352 334445918
337122784 509433765
520936772 873582448
118184910 787860952
254287266 350748414
669711097 235410132
962716632 514719942
860059511 259013437
464556092 556871199
810260384 835529653
839942576 802735753
495449176 578396519
497732589 239348835
493909015 645601418
685382644 672163760
778117602 468726723
2035739 336980889
952942503 332747695
202652128 905932105
762990457 935946657
195532356 29210955
84141981 337789627
34528936 761673323
252877594 652419586
814509243 96157750
265199314 241892345
953814003 776077066
770826621 35025298
679407613 637743184
90916005 239053559
27835512 320394610
650129680 737384889
74887943 266248150
691328897 701147160
963282754 885326841
560528393 564301918
265714528 175524133
367487059 183393363
138113837 500611032
61135826 139747752
6736762 538813762
871203124 6258911
360455961 667728642
326637870 474443123
119057614 746040001
466348318 663366495
369306150 384949570
621843861 989859898
142676448 545459143
160012672 627438496
695223545 139159057
596692165 910587387
809484618 395103315
486764256 412764114
669568724 213368411
895255477 210015225
766068812 865191566
501233247 351945498
652099696 282621092
89258080 564426284
251588052 873548738
460708555 672141970
301000634 801637255
732184198 693059016
253440071 449129227
626617103 740727196
951873353 817728281
258108398 312003527
945562182 854898047
227728588 90147672
575779765 22266485
736831745 788616387
133563294 732723112
584878772 885682893
772353502 281812915
167273462 295272145
79622201 272251491
745293565 340650277
969222963 375372612
81907922 36137212
706994508 783169046
503422473 264029467
967735354 433096276
599654640 584269576
804848535 365202010
425571570 200114474
76181793 8446265
540370602 4942088
512143528 986887641
467201659 727331688
289375035 253026212
659628219 655295358
761791830 77407987
749608147 399381326
672489639 356421468
474751445 111596438
885737367 46275162
223625075 994258994
710894412 932599267
441978015 208742272
910957693 428839881
546302011 118404645
568994258 291038577
952409098 941664768
357274946 618003231
302541191 232573139
855640607 943321404
99926884 69403351
252385817 454468582
960066049 112695808
10541826 294166406
603415812 292312218
488284899 95784861
187579418 574658830
468681554 344587017
496924164 884180229
865830333 302499128
690814855 711081781
755989303 650168147
2054009 43802973
179421076 562017054
703887678 677334501
151983882 533792040
568298130 954069504
87636122 98258592
555872551 278459389
637682959 41652486
269257999 131110767
646232737 231887810
437894026 547352686
109407325 726991674
928080881 659061684
204117039 451234324
695855313 750314348
730309617 582218130
762046374 953215895
313256788 165819217
687694414 693141128
285977215 18760249
295072148 117550803
258999854 110835918
717839928 253593962
605428520 380301787
260271195 892706316
667038914 369432258
773288770 70755895
549162707 637720888
374097295 951763523
871375084 843665771
44250327 560050225
993112434 216217165
107675586 552092862
587317914 27175241
105819992 404606619
59585086 593422370
442906494 735363940
437821176 470852695
957962973 530343185
23559398 853441041
658734291 194196346
216559612 615807485
835261421 150765704
721345887 661818138
294963810 985476464
132567712 344062156
636496954 638791521
909439453 806629219
606677017 249753835
270243866 707643027
434703220 541860235
751080561 110602924
156412860 21646143
310564187 487549
54758968 371681321
297164689 755372129
315931129 343054513
788758759 79239598
960255698 311998021
736415886 327102040
100425656 158529575
302530576 497704560
392335454 471916615
963402498 652040063
537400167 260346960
497199080 930001247
567110803 912130883
531243411 801623972
534667506 692631692
908265426 77155791
465586504 447739062
823403586 706316448
910977823 606325244
733503122 188574436
588661658 489430286
582583761 918573574
556607175 352748372
77556406 6758681
307279836 49900584
102174379 351777628
922994557 247843462
838102396 760591815
934564241 491927233
286932106 308008729
712438168 113941037
540574339 443221555
861878102 278009377
394311760 789602122
50029396 720336727
954738401 348543796
652028642 565348097
734423077 724971256
948908671 822856439
957144392 232092141
81963144 833917117
263208033 210995598
927745660 541457086
856457199 217795716
884800860 795688276
810071518 301079028
681141063 462575984
449000853 238798263
606803765 838820592
662853996 39221005
338089215 784429173
594656814 469931937
604900396 160018988
525049289 951589877
53212949 660451068
786761567 770874054
970746867 865153042
349643694 758023415
394268171 853786741
313283740 166823681
583395301 270959168
478598387 21040028
924208233 418432695
461417112 17428026
424592531 754318336
278363596 308331353
874202568 361977583
206107928 627595149
518834646 877618682
576875101 831993661
310541997 52483284
391776844 295852069
428979072 957479360
