348
1 2
2 3
3 4
4 5
5 6
6 7
7 8
8 9
9 10
10 11
11 12
12 13
13 14
14 15
15 16
16 17
17 18
18 19
19 20
20 21
21 22
22 23
23 24
24 25
25 26
26 27
27 28
28 29
29 30
30 31
31 32
32 33
33 34
34 35
35 36
36 37
37 38
38 39
39 40
40 41
41 42
42 43
43 44
44 45
45 46
46 47
47 48
48 49
49 50
50 51
51 52
52 53
53 54
54 55
55 56
56 57
57 58
58 59
59 60
60 61
61 62
62 63
63 64
64 65
65 66
66 67
67 68
68 69
69 70
70 71
71 72
72 73
73 74
74 75
75 76
76 77
77 78
78 79
79 80
80 81
81 82
82 83
83 84
84 85
85 86
86 87
87 88
88 89
89 90
90 91
91 92
92 93
93 94
94 95
95 96
96 97
97 98
98 99
99 100
100 101
101 102
102 103
103 104
104 105
105 106
106 107
107 108
108 109
109 110
110 111
111 112
112 113
113 114
114 115
115 116
116 117
117 118
118 119
119 120
120 121
121 122
122 123
123 124
124 125
125 126
126 127
127 128
128 129
129 130
130 131
131 132
132 133
133 134
134 135
135 136
136 137
137 138
138 139
139 140
140 141
141 142
142 143
143 144
144 145
145 146
146 147
147 148
148 149
149 150
150 151
151 152
152 153
153 154
154 155
155 156
156 157
157 158
158 159
159 160
160 161
161 162
162 163
163 164
164 165
165 166
166 167
167 168
168 169
169 170
170 171
171 172
172 173
173 174
174 175
175 176
176 177
177 178
178 179
179 180
180 181
181 182
182 183
183 184
184 185
185 186
186 187
187 188
188 189
189 190
190 191
191 192
192 193
193 194
194 195
195 196
196 197
197 198
198 199
199 200
3 1
4 1
4 2
5 1
5 2
5 3
6 1
6 2
6 3
6 4
7 1
7 2
7 3
7 4
7 5
8 1
8 2
8 3
8 4
8 5
8 6
9 1
9 2
9 3
9 4
9 5
9 6
9 7
10 1
10 2
10 3
10 4
10 5
10 6
10 7
10 8
11 1
11 2
11 3
11 4
11 5
11 6
11 7
11 8
11 9
12 1
12 2
12 3
12 4
12 5
12 6
12 7
12 8
12 9
12 10
13 1
13 2
13 3
13 4
13 5
13 6
13 7
13 8
13 9
13 10
13 11
14 1
14 2
14 3
14 4
14 5
14 6
14 7
14 8
14 9
14 10
14 11
14 12
15 1
15 2
15 3
15 4
15 5
15 6
15 7
15 8
15 9
15 10
15 11
15 12
15 13
16 1
16 2
16 3
16 4
16 5
16 6
16 7
16 8
16 9
16 10
16 11
16 12
16 13
16 14
17 1
17 2
17 3
17 4
17 5
17 6
17 7
17 8
17 9
17 10
17 11
17 12
17 13
17 14
17 15
18 1
18 2
18 3
18 4
18 5
18 6
18 7
18 8
18 9
18 10
18 11
18 12
18 13
18 14
18 15
18 16
19 1
19 2
19 3
19 4
19 5
19 6
19 7
19 8
19 9
19 10
19 11
19 12
19 13
19 14
19 15
19 16
19 17
20 1
20 2
20 3
20 4
20 5
20 6
20 7
20 8
20 9
20 10
20 11
20 12
20 13
20 14
20 15
20 16
20 17
20 18
21 1
21 2
21 3
21 4
21 5
21 6
21 7
21 8
21 9
21 10
21 11
21 12
21 13
21 14
21 15
21 16
21 17
21 18
21 19
22 1
22 2
22 3
22 4
22 5
22 6
22 7
22 8
22 9
22 10
22 11
22 12
22 13
22 14
22 15
22 16
22 17
22 18
22 19
22 20
23 1
23 2
23 3
23 4
23 5
23 6
23 7
23 8
23 9
23 10
23 11
23 12
23 13
23 14
23 15
23 16
23 17
23 18
23 19
23 20
23 21
24 1
24 2
24 3
24 4
24 5
24 6
24 7
24 8
24 9
24 10
24 11
24 12
24 13
24 14
24 15
24 16
24 17
24 18
24 19
24 20
24 21
24 22
25 1
25 2
25 3
25 4
25 5
25 6
25 7
25 8
25 9
25 10
25 11
25 12
25 13
25 14
25 15
25 16
25 17
25 18
25 19
25 20
25 21
25 22
25 23
26 1
26 2
26 3
26 4
26 5
26 6
26 7
26 8
26 9
26 10
26 11
26 12
26 13
26 14
26 15
26 16
26 17
26 18
26 19
26 20
26 21
26 22
26 23
26 24
27 1
27 2
27 3
27 4
27 5
27 6
27 7
27 8
27 9
27 10
27 11
27 12
27 13
27 14
27 15
27 16
27 17
27 18
27 19
27 20
27 21
27 22
27 23
27 24
27 25
28 1
28 2
28 3
28 4
28 5
28 6
28 7
28 8
28 9
28 10
28 11
28 12
28 13
28 14
28 15
28 16
28 17
28 18
28 19
28 20
28 21
28 22
28 23
28 24
28 25
28 26
29 1
29 2
29 3
29 4
29 5
29 6
29 7
29 8
29 9
29 10
29 11
29 12
29 13
29 14
29 15
29 16
29 17
29 18
29 19
29 20
29 21
29 22
29 23
29 24
29 25
29 26
29 27
30 1
30 2
30 3
30 4
30 5
30 6
30 7
30 8
30 9
30 10
30 11
30 12
30 13
30 14
30 15
30 16
30 17
30 18
30 19
30 20
30 21
30 22
30 23
30 24
30 25
30 26
30 27
30 28
31 1
31 2
31 3
31 4
31 5
31 6
31 7
31 8
31 9
31 10
31 11
31 12
31 13
31 14
31 15
31 16
31 17
31 18
31 19
31 20
31 21
31 22
31 23
31 24
31 25
31 26
31 27
31 28
31 29
32 1
32 2
32 3
32 4
32 5
32 6
32 7
32 8
32 9
32 10
32 11
32 12
32 13
32 14
32 15
32 16
32 17
32 18
32 19
32 20
32 21
32 22
32 23
32 24
32 25
32 26
32 27
32 28
32 29
32 30
33 1
33 2
33 3
33 4
33 5
33 6
33 7
33 8
33 9
33 10
33 11
33 12
33 13
33 14
33 15
33 16
33 17
33 18
33 19
33 20
33 21
33 22
33 23
33 24
33 25
33 26
33 27
33 28
33 29
33 30
33 31
34 1
34 2
34 3
34 4
34 5
34 6
34 7
34 8
34 9
34 10
34 11
34 12
34 13
34 14
34 15
34 16
34 17
34 18
34 19
34 20
34 21
34 22
34 23
34 24
34 25
34 26
34 27
34 28
34 29
34 30
34 31
34 32
35 1
35 2
35 3
35 4
35 5
35 6
35 7
35 8
35 9
35 10
35 11
35 12
35 13
35 14
35 15
35 16
35 17
35 18
35 19
35 20
35 21
35 22
35 23
35 24
35 25
35 26
35 27
35 28
35 29
35 30
35 31
35 32
35 33
36 1
36 2
36 3
36 4
36 5
36 6
36 7
36 8
36 9
36 10
36 11
36 12
36 13
36 14
36 15
36 16
36 17
36 18
36 19
36 20
36 21
36 22
36 23
36 24
36 25
36 26
36 27
36 28
36 29
36 30
36 31
36 32
36 33
36 34
37 1
37 2
37 3
37 4
37 5
37 6
37 7
37 8
37 9
37 10
37 11
37 12
37 13
37 14
37 15
37 16
37 17
37 18
37 19
37 20
37 21
37 22
37 23
37 24
37 25
37 26
37 27
37 28
37 29
37 30
37 31
37 32
37 33
37 34
37 35
38 1
38 2
38 3
38 4
38 5
38 6
38 7
38 8
38 9
38 10
38 11
38 12
38 13
38 14
38 15
38 16
38 17
38 18
38 19
38 20
38 21
38 22
38 23
38 24
38 25
38 26
38 27
38 28
38 29
38 30
38 31
38 32
38 33
38 34
38 35
38 36
39 1
39 2
39 3
39 4
39 5
39 6
39 7
39 8
39 9
39 10
39 11
39 12
39 13
39 14
39 15
39 16
39 17
39 18
39 19
39 20
39 21
39 22
39 23
39 24
39 25
39 26
39 27
39 28
39 29
39 30
39 31
39 32
39 33
39 34
39 35
39 36
39 37
40 1
40 2
40 3
40 4
40 5
40 6
40 7
40 8
40 9
40 10
40 11
40 12
40 13
40 14
40 15
40 16
40 17
40 18
40 19
40 20
40 21
40 22
40 23
40 24
40 25
40 26
40 27
40 28
40 29
40 30
40 31
40 32
40 33
40 34
40 35
40 36
40 37
40 38
41 1
41 2
41 3
41 4
41 5
41 6
41 7
41 8
41 9
41 10
41 11
41 12
41 13
41 14
41 15
41 16
41 17
41 18
41 19
41 20
41 21
41 22
41 23
41 24
41 25
41 26
41 27
41 28
41 29
41 30
41 31
41 32
41 33
41 34
41 35
41 36
41 37
41 38
41 39
42 1
42 2
42 3
42 4
42 5
42 6
42 7
42 8
42 9
42 10
42 11
42 12
42 13
42 14
42 15
42 16
42 17
42 18
42 19
42 20
42 21
42 22
42 23
42 24
42 25
42 26
42 27
42 28
42 29
42 30
42 31
42 32
42 33
42 34
42 35
42 36
42 37
42 38
42 39
42 40
43 1
43 2
43 3
43 4
43 5
43 6
43 7
43 8
43 9
43 10
43 11
43 12
43 13
43 14
43 15
43 16
43 17
43 18
43 19
43 20
43 21
43 22
43 23
43 24
43 25
43 26
43 27
43 28
43 29
43 30
43 31
43 32
43 33
43 34
43 35
43 36
43 37
43 38
43 39
43 40
43 41
44 1
44 2
44 3
44 4
44 5
44 6
44 7
44 8
44 9
44 10
44 11
44 12
44 13
44 14
44 15
44 16
44 17
44 18
44 19
44 20
44 21
44 22
44 23
44 24
44 25
44 26
44 27
44 28
44 29
44 30
44 31
44 32
44 33
44 34
44 35
44 36
44 37
44 38
44 39
44 40
44 41
44 42
45 1
45 2
45 3
45 4
45 5
45 6
45 7
45 8
45 9
45 10
45 11
45 12
45 13
45 14
45 15
45 16
45 17
45 18
45 19
45 20
45 21
45 22
45 23
45 24
45 25
45 26
45 27
45 28
45 29
45 30
45 31
45 32
45 33
45 34
45 35
45 36
45 37
45 38
45 39
45 40
45 41
45 42
45 43
46 1
46 2
46 3
46 4
46 5
46 6
46 7
46 8
46 9
46 10
46 11
46 12
46 13
46 14
46 15
46 16
46 17
46 18
46 19
46 20
46 21
46 22
46 23
46 24
46 25
46 26
46 27
46 28
46 29
46 30
46 31
46 32
46 33
46 34
46 35
46 36
46 37
46 38
46 39
46 40
46 41
46 42
46 43
46 44
47 1
47 2
47 3
47 4
47 5
47 6
47 7
47 8
47 9
47 10
47 11
47 12
47 13
47 14
47 15
47 16
47 17
47 18
47 19
47 20
47 21
47 22
47 23
47 24
47 25
47 26
47 27
47 28
47 29
47 30
47 31
47 32
47 33
47 34
47 35
47 36
47 37
47 38
47 39
47 40
47 41
47 42
47 43
47 44
47 45
48 1
48 2
48 3
48 4
48 5
48 6
48 7
48 8
48 9
48 10
48 11
48 12
48 13
48 14
48 15
48 16
48 17
48 18
48 19
48 20
48 21
48 22
48 23
48 24
48 25
48 26
48 27
48 28
48 29
48 30
48 31
48 32
48 33
48 34
48 35
48 36
48 37
48 38
48 39
48 40
48 41
48 42
48 43
48 44
48 45
48 46
49 1
49 2
49 3
49 4
49 5
49 6
49 7
49 8
49 9
49 10
49 11
49 12
49 13
49 14
49 15
49 16
49 17
49 18
49 19
49 20
49 21
49 22
49 23
49 24
49 25
49 26
49 27
49 28
49 29
49 30
49 31
49 32
49 33
49 34
49 35
49 36
49 37
49 38
49 39
49 40
49 41
49 42
49 43
49 44
49 45
49 46
49 47
50 1
50 2
50 3
50 4
50 5
50 6
50 7
50 8
50 9
50 10
50 11
50 12
50 13
50 14
50 15
50 16
50 17
50 18
50 19
50 20
50 21
50 22
50 23
50 24
50 25
50 26
50 27
50 28
50 29
50 30
50 31
50 32
50 33
50 34
50 35
50 36
50 37
50 38
50 39
50 40
50 41
50 42
50 43
50 44
50 45
50 46
50 47
50 48
51 1
51 2
51 3
51 4
51 5
51 6
51 7
51 8
51 9
51 10
51 11
51 12
51 13
51 14
51 15
51 16
51 17
51 18
51 19
51 20
51 21
51 22
51 23
51 24
51 25
51 26
51 27
51 28
51 29
51 30
51 31
51 32
51 33
51 34
51 35
51 36
51 37
51 38
51 39
51 40
51 41
51 42
51 43
51 44
51 45
51 46
51 47
51 48
51 49
52 1
52 2
52 3
52 4
52 5
52 6
52 7
52 8
52 9
52 10
52 11
52 12
52 13
52 14
52 15
52 16
52 17
52 18
52 19
52 20
52 21
52 22
52 23
52 24
52 25
52 26
52 27
52 28
52 29
52 30
52 31
52 32
52 33
52 34
52 35
52 36
52 37
52 38
52 39
52 40
52 41
52 42
52 43
52 44
52 45
52 46
52 47
52 48
52 49
52 50
53 1
53 2
53 3
53 4
53 5
53 6
53 7
53 8
53 9
53 10
53 11
53 12
53 13
53 14
53 15
53 16
53 17
53 18
53 19
53 20
53 21
53 22
53 23
53 24
53 25
53 26
53 27
53 28
53 29
53 30
53 31
53 32
53 33
53 34
53 35
53 36
53 37
53 38
53 39
53 40
53 41
53 42
53 43
53 44
53 45
53 46
53 47
53 48
53 49
53 50
53 51
54 1
54 2
54 3
54 4
54 5
54 6
54 7
54 8
54 9
54 10
54 11
54 12
54 13
54 14
54 15
54 16
54 17
54 18
54 19
54 20
54 21
54 22
54 23
54 24
54 25
54 26
54 27
54 28
54 29
54 30
54 31
54 32
54 33
54 34
54 35
54 36
54 37
54 38
54 39
54 40
54 41
54 42
54 43
54 44
54 45
54 46
54 47
54 48
54 49
54 50
54 51
54 52
55 1
55 2
55 3
55 4
55 5
55 6
55 7
55 8
55 9
55 10
55 11
55 12
55 13
55 14
55 15
55 16
55 17
55 18
55 19
55 20
55 21
55 22
55 23
55 24
55 25
55 26
55 27
55 28
55 29
55 30
55 31
55 32
55 33
55 34
55 35
55 36
55 37
55 38
55 39
55 40
55 41
55 42
55 43
55 44
55 45
55 46
55 47
55 48
55 49
55 50
55 51
55 52
55 53
56 1
56 2
56 3
56 4
56 5
56 6
56 7
56 8
56 9
56 10
56 11
56 12
56 13
56 14
56 15
56 16
56 17
56 18
56 19
56 20
56 21
56 22
56 23
56 24
56 25
56 26
56 27
56 28
56 29
56 30
56 31
56 32
56 33
56 34
56 35
56 36
56 37
56 38
56 39
56 40
56 41
56 42
56 43
56 44
56 45
56 46
56 47
56 48
56 49
56 50
56 51
56 52
56 53
56 54
57 1
57 2
57 3
57 4
57 5
57 6
57 7
57 8
57 9
57 10
57 11
57 12
57 13
57 14
57 15
57 16
57 17
57 18
57 19
57 20
57 21
57 22
57 23
57 24
57 25
57 26
57 27
57 28
57 29
57 30
57 31
57 32
57 33
57 34
57 35
57 36
57 37
57 38
57 39
57 40
57 41
57 42
57 43
57 44
57 45
57 46
57 47
57 48
57 49
57 50
57 51
57 52
57 53
57 54
57 55
58 1
58 2
58 3
58 4
58 5
58 6
58 7
58 8
58 9
58 10
58 11
58 12
58 13
58 14
58 15
58 16
58 17
58 18
58 19
58 20
58 21
58 22
58 23
58 24
58 25
58 26
58 27
58 28
58 29
58 30
58 31
58 32
58 33
58 34
58 35
58 36
58 37
58 38
58 39
58 40
58 41
58 42
58 43
58 44
58 45
58 46
58 47
58 48
58 49
58 50
58 51
58 52
58 53
58 54
58 55
58 56
59 1
59 2
59 3
59 4
59 5
59 6
59 7
59 8
59 9
59 10
59 11
59 12
59 13
59 14
59 15
59 16
59 17
59 18
59 19
59 20
59 21
59 22
59 23
59 24
59 25
59 26
59 27
59 28
59 29
59 30
59 31
59 32
59 33
59 34
59 35
59 36
59 37
59 38
59 39
59 40
59 41
59 42
59 43
59 44
59 45
59 46
59 47
59 48
59 49
59 50
59 51
59 52
59 53
59 54
59 55
59 56
59 57
60 1
60 2
60 3
60 4
60 5
60 6
60 7
60 8
60 9
60 10
60 11
60 12
60 13
60 14
60 15
60 16
60 17
60 18
60 19
60 20
60 21
60 22
60 23
60 24
60 25
60 26
60 27
60 28
60 29
60 30
60 31
60 32
60 33
60 34
60 35
60 36
60 37
60 38
60 39
60 40
60 41
60 42
60 43
60 44
60 45
60 46
60 47
60 48
60 49
60 50
60 51
60 52
60 53
60 54
60 55
60 56
60 57
60 58
61 1
61 2
61 3
61 4
61 5
61 6
61 7
61 8
61 9
61 10
61 11
61 12
61 13
61 14
61 15
61 16
61 17
61 18
61 19
61 20
61 21
61 22
61 23
61 24
61 25
61 26
61 27
61 28
61 29
61 30
61 31
61 32
61 33
61 34
61 35
61 36
61 37
61 38
61 39
61 40
61 41
61 42
61 43
61 44
61 45
61 46
61 47
61 48
61 49
61 50
61 51
61 52
61 53
61 54
61 55
61 56
61 57
61 58
61 59
62 1
62 2
62 3
62 4
62 5
62 6
62 7
62 8
62 9
62 10
62 11
62 12
62 13
62 14
62 15
62 16
62 17
62 18
62 19
62 20
62 21
62 22
62 23
62 24
62 25
62 26
62 27
62 28
62 29
62 30
62 31
62 32
62 33
62 34
62 35
62 36
62 37
62 38
62 39
62 40
62 41
62 42
62 43
62 44
62 45
62 46
62 47
62 48
62 49
62 50
62 51
62 52
62 53
62 54
62 55
62 56
62 57
62 58
62 59
62 60
63 1
63 2
63 3
63 4
63 5
63 6
63 7
63 8
63 9
63 10
63 11
63 12
63 13
63 14
63 15
63 16
63 17
63 18
63 19
63 20
63 21
63 22
63 23
63 24
63 25
63 26
63 27
63 28
63 29
63 30
63 31
63 32
63 33
63 34
63 35
63 36
63 37
63 38
63 39
63 40
63 41
63 42
63 43
63 44
63 45
63 46
63 47
63 48
63 49
63 50
63 51
63 52
63 53
63 54
63 55
63 56
63 57
63 58
63 59
63 60
63 61
64 1
64 2
64 3
64 4
64 5
64 6
64 7
64 8
64 9
64 10
64 11
64 12
64 13
64 14
64 15
64 16
64 17
64 18
64 19
64 20
64 21
64 22
64 23
64 24
64 25
64 26
64 27
64 28
64 29
64 30
64 31
64 32
64 33
64 34
64 35
64 36
64 37
64 38
64 39
64 40
64 41
64 42
64 43
64 44
64 45
64 46
64 47
64 48
64 49
64 50
64 51
64 52
64 53
64 54
64 55
64 56
64 57
64 58
64 59
64 60
64 61
64 62
65 1
65 2
65 3
65 4
65 5
65 6
65 7
65 8
65 9
65 10
65 11
65 12
65 13
65 14
65 15
65 16
65 17
65 18
65 19
65 20
65 21
65 22
65 23
65 24
65 25
65 26
65 27
65 28
65 29
65 30
65 31
65 32
65 33
65 34
65 35
65 36
65 37
65 38
65 39
65 40
65 41
65 42
65 43
65 44
65 45
65 46
65 47
65 48
65 49
65 50
65 51
65 52
65 53
65 54
65 55
65 56
65 57
65 58
65 59
65 60
65 61
65 62
65 63
66 1
66 2
66 3
66 4
66 5
66 6
66 7
66 8
66 9
66 10
66 11
66 12
66 13
66 14
66 15
66 16
66 17
66 18
66 19
66 20
66 21
66 22
66 23
66 24
66 25
66 26
66 27
66 28
66 29
66 30
66 31
66 32
66 33
66 34
66 35
66 36
66 37
66 38
66 39
66 40
66 41
66 42
66 43
66 44
66 45
66 46
66 47
66 48
66 49
66 50
66 51
66 52
66 53
66 54
66 55
66 56
66 57
66 58
66 59
66 60
66 61
66 62
66 63
66 64
67 1
67 2
67 3
67 4
67 5
67 6
67 7
67 8
67 9
67 10
67 11
67 12
67 13
67 14
67 15
67 16
67 17
67 18
67 19
67 20
67 21
67 22
67 23
67 24
67 25
67 26
67 27
67 28
67 29
67 30
67 31
67 32
67 33
67 34
67 35
67 36
67 37
67 38
67 39
67 40
67 41
67 42
67 43
67 44
67 45
67 46
67 47
67 48
67 49
67 50
67 51
67 52
67 53
67 54
67 55
67 56
67 57
67 58
67 59
67 60
67 61
67 62
67 63
67 64
67 65
68 1
68 2
68 3
68 4
68 5
68 6
68 7
68 8
68 9
68 10
68 11
68 12
68 13
68 14
68 15
68 16
68 17
68 18
68 19
68 20
68 21
68 22
68 23
68 24
68 25
68 26
68 27
68 28
68 29
68 30
68 31
68 32
68 33
68 34
68 35
68 36
68 37
68 38
68 39
68 40
68 41
68 42
68 43
68 44
68 45
68 46
68 47
68 48
68 49
68 50
68 51
68 52
68 53
68 54
68 55
68 56
68 57
68 58
68 59
68 60
68 61
68 62
68 63
68 64
68 65
68 66
69 1
69 2
69 3
69 4
69 5
69 6
69 7
69 8
69 9
69 10
69 11
69 12
69 13
69 14
69 15
69 16
69 17
69 18
69 19
69 20
69 21
69 22
69 23
69 24
69 25
69 26
69 27
69 28
69 29
69 30
69 31
69 32
69 33
69 34
69 35
69 36
69 37
69 38
69 39
69 40
69 41
69 42
69 43
69 44
69 45
69 46
69 47
69 48
69 49
69 50
69 51
69 52
69 53
69 54
69 55
69 56
69 57
69 58
69 59
69 60
69 61
69 62
69 63
69 64
69 65
69 66
69 67
70 1
70 2
70 3
70 4
70 5
70 6
70 7
70 8
70 9
70 10
70 11
70 12
70 13
70 14
70 15
70 16
70 17
70 18
70 19
70 20
70 21
70 22
70 23
70 24
70 25
70 26
70 27
70 28
70 29
70 30
70 31
70 32
70 33
70 34
70 35
70 36
70 37
70 38
70 39
70 40
70 41
70 42
70 43
70 44
70 45
70 46
70 47
70 48
70 49
70 50
70 51
70 52
70 53
70 54
70 55
70 56
70 57
70 58
70 59
70 60
70 61
70 62
70 63
70 64
70 65
70 66
70 67
70 68
71 1
71 2
71 3
71 4
71 5
71 6
71 7
71 8
71 9
71 10
71 11
71 12
71 13
71 14
71 15
71 16
71 17
71 18
71 19
71 20
71 21
71 22
71 23
71 24
71 25
71 26
71 27
71 28
71 29
71 30
71 31
71 32
71 33
71 34
71 35
71 36
71 37
71 38
71 39
71 40
71 41
71 42
71 43
71 44
71 45
71 46
71 47
71 48
71 49
71 50
71 51
71 52
71 53
71 54
71 55
71 56
71 57
71 58
71 59
71 60
71 61
71 62
71 63
71 64
71 65
71 66
71 67
71 68
71 69
72 1
72 2
72 3
72 4
72 5
72 6
72 7
72 8
72 9
72 10
72 11
72 12
72 13
72 14
72 15
72 16
72 17
72 18
72 19
72 20
72 21
72 22
72 23
72 24
72 25
72 26
72 27
72 28
72 29
72 30
72 31
72 32
72 33
72 34
72 35
72 36
72 37
72 38
72 39
72 40
72 41
72 42
72 43
72 44
72 45
72 46
72 47
72 48
72 49
72 50
72 51
72 52
72 53
72 54
72 55
72 56
72 57
72 58
72 59
72 60
72 61
72 62
72 63
72 64
72 65
72 66
72 67
72 68
72 69
72 70
73 1
73 2
73 3
73 4
73 5
73 6
73 7
73 8
73 9
73 10
73 11
73 12
73 13
73 14
73 15
73 16
73 17
73 18
73 19
73 20
73 21
73 22
73 23
73 24
73 25
73 26
73 27
73 28
73 29
73 30
73 31
73 32
73 33
73 34
73 35
73 36
73 37
73 38
73 39
73 40
73 41
73 42
73 43
73 44
73 45
73 46
73 47
73 48
73 49
73 50
73 51
73 52
73 53
73 54
73 55
73 56
73 57
73 58
73 59
73 60
73 61
73 62
73 63
73 64
73 65
73 66
73 67
73 68
73 69
73 70
73 71
74 1
74 2
74 3
74 4
74 5
74 6
74 7
74 8
74 9
74 10
74 11
74 12
74 13
74 14
74 15
74 16
74 17
74 18
74 19
74 20
74 21
74 22
74 23
74 24
74 25
74 26
74 27
74 28
74 29
74 30
74 31
74 32
74 33
74 34
74 35
74 36
74 37
74 38
74 39
74 40
74 41
74 42
74 43
74 44
74 45
74 46
74 47
74 48
74 49
74 50
74 51
74 52
74 53
74 54
74 55
74 56
74 57
74 58
74 59
74 60
74 61
74 62
74 63
74 64
74 65
74 66
74 67
74 68
74 69
74 70
74 71
74 72
75 1
75 2
75 3
75 4
75 5
75 6
75 7
75 8
75 9
75 10
75 11
75 12
75 13
75 14
75 15
75 16
75 17
75 18
75 19
75 20
75 21
75 22
75 23
75 24
75 25
75 26
75 27
75 28
75 29
75 30
75 31
75 32
75 33
75 34
75 35
75 36
75 37
75 38
75 39
75 40
75 41
75 42
75 43
75 44
75 45
75 46
75 47
75 48
75 49
75 50
75 51
75 52
75 53
75 54
75 55
75 56
75 57
75 58
75 59
75 60
75 61
75 62
75 63
75 64
75 65
75 66
75 67
75 68
75 69
75 70
75 71
75 72
75 73
76 1
76 2
76 3
76 4
76 5
76 6
76 7
76 8
76 9
76 10
76 11
76 12
76 13
76 14
76 15
76 16
76 17
76 18
76 19
76 20
76 21
76 22
76 23
76 24
76 25
76 26
76 27
76 28
76 29
76 30
76 31
76 32
76 33
76 34
76 35
76 36
76 37
76 38
76 39
76 40
76 41
76 42
76 43
76 44
76 45
76 46
76 47
76 48
76 49
76 50
76 51
76 52
76 53
76 54
76 55
76 56
76 57
76 58
76 59
76 60
76 61
76 62
76 63
76 64
76 65
76 66
76 67
76 68
76 69
76 70
76 71
76 72
76 73
76 74
77 1
77 2
77 3
77 4
77 5
77 6
77 7
77 8
77 9
77 10
77 11
77 12
77 13
77 14
77 15
77 16
77 17
77 18
77 19
77 20
77 21
77 22
77 23
77 24
77 25
77 26
77 27
77 28
77 29
77 30
77 31
77 32
77 33
77 34
77 35
77 36
77 37
77 38
77 39
77 40
77 41
77 42
77 43
77 44
77 45
77 46
77 47
77 48
77 49
77 50
77 51
77 52
77 53
77 54
77 55
77 56
77 57
77 58
77 59
77 60
77 61
77 62
77 63
77 64
77 65
77 66
77 67
77 68
77 69
77 70
77 71
77 72
77 73
77 74
77 75
78 1
78 2
78 3
78 4
78 5
78 6
78 7
78 8
78 9
78 10
78 11
78 12
78 13
78 14
78 15
78 16
78 17
78 18
78 19
78 20
78 21
78 22
78 23
78 24
78 25
78 26
78 27
78 28
78 29
78 30
78 31
78 32
78 33
78 34
78 35
78 36
78 37
78 38
78 39
78 40
78 41
78 42
78 43
78 44
78 45
78 46
78 47
78 48
78 49
78 50
78 51
78 52
78 53
78 54
78 55
78 56
78 57
78 58
78 59
78 60
78 61
78 62
78 63
78 64
78 65
78 66
78 67
78 68
78 69
78 70
78 71
78 72
78 73
78 74
78 75
78 76
79 1
79 2
79 3
79 4
79 5
79 6
79 7
79 8
79 9
79 10
79 11
79 12
79 13
79 14
79 15
79 16
79 17
79 18
79 19
79 20
79 21
79 22
79 23
79 24
79 25
79 26
79 27
79 28
79 29
79 30
79 31
79 32
79 33
79 34
79 35
79 36
79 37
79 38
79 39
79 40
79 41
79 42
79 43
79 44
79 45
79 46
79 47
79 48
79 49
79 50
79 51
79 52
79 53
79 54
79 55
79 56
79 57
79 58
79 59
79 60
79 61
79 62
79 63
79 64
79 65
79 66
79 67
79 68
79 69
79 70
79 71
79 72
79 73
79 74
79 75
79 76
79 77
80 1
80 2
80 3
80 4
80 5
80 6
80 7
80 8
80 9
80 10
80 11
80 12
80 13
80 14
80 15
80 16
80 17
80 18
80 19
80 20
80 21
80 22
80 23
80 24
80 25
80 26
80 27
80 28
80 29
80 30
80 31
80 32
80 33
80 34
80 35
80 36
80 37
80 38
80 39
80 40
80 41
80 42
80 43
80 44
80 45
80 46
80 47
80 48
80 49
80 50
80 51
80 52
80 53
80 54
80 55
80 56
80 57
80 58
80 59
80 60
80 61
80 62
80 63
80 64
80 65
80 66
80 67
80 68
80 69
80 70
80 71
80 72
80 73
80 74
80 75
80 76
80 77
80 78
81 1
81 2
81 3
81 4
81 5
81 6
81 7
81 8
81 9
81 10
81 11
81 12
81 13
81 14
81 15
81 16
81 17
81 18
81 19
81 20
81 21
81 22
81 23
81 24
81 25
81 26
81 27
81 28
81 29
81 30
81 31
81 32
81 33
81 34
81 35
81 36
81 37
81 38
81 39
81 40
81 41
81 42
81 43
81 44
81 45
81 46
81 47
81 48
81 49
81 50
81 51
81 52
81 53
81 54
81 55
81 56
81 57
81 58
81 59
81 60
81 61
81 62
81 63
81 64
81 65
81 66
81 67
81 68
81 69
81 70
81 71
81 72
81 73
81 74
81 75
81 76
81 77
81 78
81 79
82 1
82 2
82 3
82 4
82 5
82 6
82 7
82 8
82 9
82 10
82 11
82 12
82 13
82 14
82 15
82 16
82 17
82 18
82 19
82 20
82 21
82 22
82 23
82 24
82 25
82 26
82 27
82 28
82 29
82 30
82 31
82 32
82 33
82 34
82 35
82 36
82 37
82 38
82 39
82 40
82 41
82 42
82 43
82 44
82 45
82 46
82 47
82 48
82 49
82 50
82 51
82 52
82 53
82 54
82 55
82 56
82 57
82 58
82 59
82 60
82 61
82 62
82 63
82 64
82 65
82 66
82 67
82 68
82 69
82 70
82 71
82 72
82 73
82 74
82 75
82 76
82 77
82 78
82 79
82 80
83 1
83 2
83 3
83 4
83 5
83 6
83 7
83 8
83 9
83 10
83 11
83 12
83 13
83 14
83 15
83 16
83 17
83 18
83 19
83 20
83 21
83 22
83 23
83 24
83 25
83 26
83 27
83 28
83 29
83 30
83 31
83 32
83 33
83 34
83 35
83 36
83 37
83 38
83 39
83 40
83 41
83 42
83 43
83 44
83 45
83 46
83 47
83 48
83 49
83 50
83 51
83 52
83 53
83 54
83 55
83 56
83 57
83 58
83 59
83 60
83 61
83 62
83 63
83 64
83 65
83 66
83 67
83 68
83 69
83 70
83 71
83 72
83 73
83 74
83 75
83 76
83 77
83 78
83 79
83 80
83 81
84 1
84 2
84 3
84 4
84 5
84 6
84 7
84 8
84 9
84 10
84 11
84 12
84 13
84 14
84 15
84 16
84 17
84 18
84 19
84 20
84 21
84 22
84 23
84 24
84 25
84 26
84 27
84 28
84 29
84 30
84 31
84 32
84 33
84 34
84 35
84 36
84 37
84 38
84 39
84 40
84 41
84 42
84 43
84 44
84 45
84 46
84 47
84 48
84 49
84 50
84 51
84 52
84 53
84 54
84 55
84 56
84 57
84 58
84 59
84 60
84 61
84 62
84 63
84 64
84 65
84 66
84 67
84 68
84 69
84 70
84 71
84 72
84 73
84 74
84 75
84 76
84 77
84 78
84 79
84 80
84 81
84 82
85 1
85 2
85 3
85 4
85 5
85 6
85 7
85 8
85 9
85 10
85 11
85 12
85 13
85 14
85 15
85 16
85 17
85 18
85 19
85 20
85 21
85 22
85 23
85 24
85 25
85 26
85 27
85 28
85 29
85 30
85 31
85 32
85 33
85 34
85 35
85 36
85 37
85 38
85 39
85 40
85 41
85 42
85 43
85 44
85 45
85 46
85 47
85 48
85 49
85 50
85 51
85 52
85 53
85 54
85 55
85 56
85 57
85 58
85 59
85 60
85 61
85 62
85 63
85 64
85 65
85 66
85 67
85 68
85 69
85 70
85 71
85 72
85 73
85 74
85 75
85 76
85 77
85 78
85 79
85 80
85 81
85 82
85 83
86 1
86 2
86 3
86 4
86 5
86 6
86 7
86 8
86 9
86 10
86 11
86 12
86 13
86 14
86 15
86 16
86 17
86 18
86 19
86 20
86 21
86 22
86 23
86 24
86 25
86 26
86 27
86 28
86 29
86 30
86 31
86 32
86 33
86 34
86 35
86 36
86 37
86 38
86 39
86 40
86 41
86 42
86 43
86 44
86 45
86 46
86 47
86 48
86 49
86 50
86 51
86 52
86 53
86 54
86 55
86 56
86 57
86 58
86 59
86 60
86 61
86 62
86 63
86 64
86 65
86 66
86 67
86 68
86 69
86 70
86 71
86 72
86 73
86 74
86 75
86 76
86 77
86 78
86 79
86 80
86 81
86 82
86 83
86 84
87 1
87 2
87 3
87 4
87 5
87 6
87 7
87 8
87 9
87 10
87 11
87 12
87 13
87 14
87 15
87 16
87 17
87 18
87 19
87 20
87 21
87 22
87 23
87 24
87 25
87 26
87 27
87 28
87 29
87 30
87 31
87 32
87 33
87 34
87 35
87 36
87 37
87 38
87 39
87 40
87 41
87 42
87 43
87 44
87 45
87 46
87 47
87 48
87 49
87 50
87 51
87 52
87 53
87 54
87 55
87 56
87 57
87 58
87 59
87 60
87 61
87 62
87 63
87 64
87 65
87 66
87 67
87 68
87 69
87 70
87 71
87 72
87 73
87 74
87 75
87 76
87 77
87 78
87 79
87 80
87 81
87 82
87 83
87 84
87 85
88 1
88 2
88 3
88 4
88 5
88 6
88 7
88 8
88 9
88 10
88 11
88 12
88 13
88 14
88 15
88 16
88 17
88 18
88 19
88 20
88 21
88 22
88 23
88 24
88 25
88 26
88 27
88 28
88 29
88 30
88 31
88 32
88 33
88 34
88 35
88 36
88 37
88 38
88 39
88 40
88 41
88 42
88 43
88 44
88 45
88 46
88 47
88 48
88 49
88 50
88 51
88 52
88 53
88 54
88 55
88 56
88 57
88 58
88 59
88 60
88 61
88 62
88 63
88 64
88 65
88 66
88 67
88 68
88 69
88 70
88 71
88 72
88 73
88 74
88 75
88 76
88 77
88 78
88 79
88 80
88 81
88 82
88 83
88 84
88 85
88 86
89 1
89 2
89 3
89 4
89 5
89 6
89 7
89 8
89 9
89 10
89 11
89 12
89 13
89 14
89 15
89 16
89 17
89 18
89 19
89 20
89 21
89 22
89 23
89 24
89 25
89 26
89 27
89 28
89 29
89 30
89 31
89 32
89 33
89 34
89 35
89 36
89 37
89 38
89 39
89 40
89 41
89 42
89 43
89 44
89 45
89 46
89 47
89 48
89 49
89 50
89 51
89 52
89 53
89 54
89 55
89 56
89 57
89 58
89 59
89 60
89 61
89 62
89 63
89 64
89 65
89 66
89 67
89 68
89 69
89 70
89 71
89 72
89 73
89 74
89 75
89 76
89 77
89 78
89 79
89 80
89 81
89 82
89 83
89 84
89 85
89 86
89 87
90 1
90 2
90 3
90 4
90 5
90 6
90 7
90 8
90 9
90 10
90 11
90 12
90 13
90 14
90 15
90 16
90 17
90 18
90 19
90 20
90 21
90 22
90 23
90 24
90 25
90 26
90 27
90 28
90 29
90 30
90 31
90 32
90 33
90 34
90 35
90 36
90 37
90 38
90 39
90 40
90 41
90 42
90 43
90 44
90 45
90 46
90 47
90 48
90 49
90 50
90 51
90 52
90 53
90 54
90 55
90 56
90 57
90 58
90 59
90 60
90 61
90 62
90 63
90 64
90 65
90 66
90 67
90 68
90 69
90 70
90 71
90 72
90 73
90 74
90 75
90 76
90 77
90 78
90 79
90 80
90 81
90 82
90 83
90 84
90 85
90 86
90 87
90 88
91 1
91 2
91 3
91 4
91 5
91 6
91 7
91 8
91 9
91 10
91 11
91 12
91 13
91 14
91 15
91 16
91 17
91 18
91 19
91 20
91 21
91 22
91 23
91 24
91 25
91 26
91 27
91 28
91 29
91 30
91 31
91 32
91 33
91 34
91 35
91 36
91 37
91 38
91 39
91 40
91 41
91 42
91 43
91 44
91 45
91 46
91 47
91 48
91 49
91 50
91 51
91 52
91 53
91 54
91 55
91 56
91 57
91 58
91 59
91 60
91 61
91 62
91 63
91 64
91 65
91 66
91 67
91 68
91 69
91 70
91 71
91 72
91 73
91 74
91 75
91 76
91 77
91 78
91 79
91 80
91 81
91 82
91 83
91 84
91 85
91 86
91 87
91 88
91 89
92 1
92 2
92 3
92 4
92 5
92 6
92 7
92 8
92 9
92 10
92 11
92 12
92 13
92 14
92 15
92 16
92 17
92 18
92 19
92 20
92 21
92 22
92 23
92 24
92 25
92 26
92 27
92 28
92 29
92 30
92 31
92 32
92 33
92 34
92 35
92 36
92 37
92 38
92 39
92 40
92 41
92 42
92 43
92 44
92 45
92 46
92 47
92 48
92 49
92 50
92 51
92 52
92 53
92 54
92 55
92 56
92 57
92 58
92 59
92 60
92 61
92 62
92 63
92 64
92 65
92 66
92 67
92 68
92 69
92 70
92 71
92 72
92 73
92 74
92 75
92 76
92 77
92 78
92 79
92 80
92 81
92 82
92 83
92 84
92 85
92 86
92 87
92 88
92 89
92 90
93 1
93 2
93 3
93 4
93 5
93 6
93 7
93 8
93 9
93 10
93 11
93 12
93 13
93 14
93 15
93 16
93 17
93 18
93 19
93 20
93 21
93 22
93 23
93 24
93 25
93 26
93 27
93 28
93 29
93 30
93 31
93 32
93 33
93 34
93 35
93 36
93 37
93 38
93 39
93 40
93 41
93 42
93 43
93 44
93 45
93 46
93 47
93 48
93 49
93 50
93 51
93 52
93 53
93 54
93 55
93 56
93 57
93 58
93 59
93 60
93 61
93 62
93 63
93 64
93 65
93 66
93 67
93 68
93 69
93 70
93 71
93 72
93 73
93 74
93 75
93 76
93 77
93 78
93 79
93 80
93 81
93 82
93 83
93 84
93 85
93 86
93 87
93 88
93 89
93 90
93 91
94 1
94 2
94 3
94 4
94 5
94 6
94 7
94 8
94 9
94 10
94 11
94 12
94 13
94 14
94 15
94 16
94 17
94 18
94 19
94 20
94 21
94 22
94 23
94 24
94 25
94 26
94 27
94 28
94 29
94 30
94 31
94 32
94 33
94 34
94 35
94 36
94 37
94 38
94 39
94 40
94 41
94 42
94 43
94 44
94 45
94 46
94 47
94 48
94 49
94 50
94 51
94 52
94 53
94 54
94 55
94 56
94 57
94 58
94 59
94 60
94 61
94 62
94 63
94 64
94 65
94 66
94 67
94 68
94 69
94 70
94 71
94 72
94 73
94 74
94 75
94 76
94 77
94 78
94 79
94 80
94 81
94 82
94 83
94 84
94 85
94 86
94 87
94 88
94 89
94 90
94 91
94 92
95 1
95 2
95 3
95 4
95 5
95 6
95 7
95 8
95 9
95 10
95 11
95 12
95 13
95 14
95 15
95 16
95 17
95 18
95 19
95 20
95 21
95 22
95 23
95 24
95 25
95 26
95 27
95 28
95 29
95 30
95 31
95 32
95 33
95 34
95 35
95 36
95 37
95 38
95 39
95 40
95 41
95 42
95 43
95 44
95 45
95 46
95 47
95 48
95 49
95 50
95 51
95 52
95 53
95 54
95 55
95 56
95 57
95 58
95 59
95 60
95 61
95 62
95 63
95 64
95 65
95 66
95 67
95 68
95 69
95 70
95 71
95 72
95 73
95 74
95 75
95 76
95 77
95 78
95 79
95 80
95 81
95 82
95 83
95 84
95 85
95 86
95 87
95 88
95 89
95 90
95 91
95 92
95 93
96 1
96 2
96 3
96 4
96 5
96 6
96 7
96 8
96 9
96 10
96 11
96 12
96 13
96 14
96 15
96 16
96 17
96 18
96 19
96 20
96 21
96 22
96 23
96 24
96 25
96 26
96 27
96 28
96 29
96 30
96 31
96 32
96 33
96 34
96 35
96 36
96 37
96 38
96 39
96 40
96 41
96 42
96 43
96 44
96 45
96 46
96 47
96 48
96 49
96 50
96 51
96 52
96 53
96 54
96 55
96 56
96 57
96 58
96 59
96 60
96 61
96 62
96 63
96 64
96 65
96 66
96 67
96 68
96 69
96 70
96 71
96 72
96 73
96 74
96 75
96 76
96 77
96 78
96 79
96 80
96 81
96 82
96 83
96 84
96 85
96 86
96 87
96 88
96 89
96 90
96 91
96 92
96 93
96 94
97 1
97 2
97 3
97 4
97 5
97 6
97 7
97 8
97 9
97 10
97 11
97 12
97 13
97 14
97 15
97 16
97 17
97 18
97 19
97 20
97 21
97 22
97 23
97 24
97 25
97 26
97 27
97 28
97 29
97 30
97 31
97 32
97 33
97 34
97 35
97 36
97 37
97 38
97 39
97 40
97 41
97 42
97 43
97 44
97 45
97 46
97 47
97 48
97 49
97 50
97 51
97 52
97 53
97 54
97 55
97 56
97 57
97 58
97 59
97 60
97 61
97 62
97 63
97 64
97 65
97 66
97 67
97 68
97 69
97 70
97 71
97 72
97 73
97 74
97 75
97 76
97 77
97 78
97 79
97 80
97 81
97 82
97 83
97 84
97 85
97 86
97 87
97 88
97 89
97 90
97 91
97 92
97 93
97 94
97 95
98 1
98 2
98 3
98 4
98 5
98 6
98 7
98 8
98 9
98 10
98 11
98 12
98 13
98 14
98 15
98 16
98 17
98 18
98 19
98 20
98 21
98 22
98 23
98 24
98 25
98 26
98 27
98 28
98 29
98 30
98 31
98 32
98 33
98 34
98 35
98 36
98 37
98 38
98 39
98 40
98 41
98 42
98 43
98 44
98 45
98 46
98 47
98 48
98 49
98 50
98 51
98 52
98 53
98 54
98 55
98 56
98 57
98 58
98 59
98 60
98 61
98 62
98 63
98 64
98 65
98 66
98 67
98 68
98 69
98 70
98 71
98 72
98 73
98 74
98 75
98 76
98 77
98 78
98 79
98 80
98 81
98 82
98 83
98 84
98 85
98 86
98 87
98 88
98 89
98 90
98 91
98 92
98 93
98 94
98 95
98 96
99 1
99 2
99 3
99 4
99 5
99 6
99 7
99 8
99 9
99 10
99 11
99 12
99 13
99 14
99 15
99 16
99 17
99 18
99 19
99 20
99 21
99 22
99 23
99 24
99 25
99 26
99 27
99 28
99 29
99 30
99 31
99 32
99 33
99 34
99 35
99 36
99 37
99 38
99 39
99 40
99 41
99 42
99 43
99 44
99 45
99 46
99 47
99 48
99 49
99 50
99 51
99 52
99 53
99 54
99 55
99 56
99 57
99 58
99 59
99 60
99 61
99 62
99 63
99 64
99 65
99 66
99 67
99 68
99 69
99 70
99 71
99 72
99 73
99 74
99 75
99 76
99 77
99 78
99 79
99 80
99 81
99 82
99 83
99 84
99 85
99 86
99 87
99 88
99 89
99 90
99 91
99 92
99 93
99 94
99 95
99 96
99 97
100 1
100 2
100 3
100 4
100 5
100 6
100 7
100 8
100 9
100 10
100 11
100 12
100 13
100 14
100 15
100 16
100 17
100 18
100 19
100 20
100 21
100 22
100 23
100 24
100 25
100 26
100 27
100 28
100 29
100 30
100 31
100 32
100 33
100 34
100 35
100 36
100 37
100 38
100 39
100 40
100 41
100 42
100 43
100 44
100 45
100 46
100 47
100 48
100 49
100 50
100 51
100 52
100 53
100 54
100 55
100 56
100 57
100 58
100 59
100 60
100 61
100 62
100 63
100 64
100 65
100 66
100 67
100 68
100 69
100 70
100 71
100 72
100 73
100 74
100 75
100 76
100 77
100 78
100 79
100 80
100 81
100 82
100 83
100 84
100 85
100 86
100 87
100 88
100 89
100 90
100 91
100 92
100 93
100 94
100 95
100 96
100 97
100 98
101 1
101 2
101 3
101 4
101 5
101 6
101 7
101 8
101 9
101 10
101 11
101 12
101 13
101 14
101 15
101 16
101 17
101 18
101 19
101 20
101 21
101 22
101 23
101 24
101 25
101 26
101 27
101 28
101 29
101 30
101 31
101 32
101 33
101 34
101 35
101 36
101 37
101 38
101 39
101 40
101 41
101 42
101 43
101 44
101 45
101 46
101 47
101 48
101 49
101 50
101 51
101 52
101 53
101 54
101 55
101 56
101 57
101 58
101 59
101 60
101 61
101 62
101 63
101 64
101 65
101 66
101 67
101 68
101 69
101 70
101 71
101 72
101 73
101 74
101 75
101 76
101 77
101 78
101 79
101 80
101 81
101 82
101 83
101 84
101 85
101 86
101 87
101 88
101 89
101 90
101 91
101 92
101 93
101 94
101 95
101 96
101 97
101 98
101 99
102 1
102 2
102 3
102 4
102 5
102 6
102 7
102 8
102 9
102 10
102 11
102 12
102 13
102 14
102 15
102 16
102 17
102 18
102 19
102 20
102 21
102 22
102 23
102 24
102 25
102 26
102 27
102 28
102 29
102 30
102 31
102 32
102 33
102 34
102 35
102 36
102 37
102 38
102 39
102 40
102 41
102 42
102 43
102 44
102 45
102 46
102 47
102 48
102 49
102 50
102 51
102 52
102 53
102 54
102 55
102 56
102 57
102 58
102 59
102 60
102 61
102 62
102 63
102 64
102 65
102 66
102 67
102 68
102 69
102 70
102 71
102 72
102 73
102 74
102 75
102 76
102 77
102 78
102 79
102 80
102 81
102 82
102 83
102 84
102 85
102 86
102 87
102 88
102 89
102 90
102 91
102 92
102 93
102 94
102 95
102 96
102 97
102 98
102 99
102 100
103 1
103 2
103 3
103 4
103 5
103 6
103 7
103 8
103 9
103 10
103 11
103 12
103 13
103 14
103 15
103 16
103 17
103 18
103 19
103 20
103 21
103 22
103 23
103 24
103 25
103 26
103 27
103 28
103 29
103 30
103 31
103 32
103 33
103 34
103 35
103 36
103 37
103 38
103 39
103 40
103 41
103 42
103 43
103 44
103 45
103 46
103 47
103 48
103 49
103 50
103 51
103 52
103 53
103 54
103 55
103 56
103 57
103 58
103 59
103 60
103 61
103 62
103 63
103 64
103 65
103 66
103 67
103 68
103 69
103 70
103 71
103 72
103 73
103 74
103 75
103 76
103 77
103 78
103 79
103 80
103 81
103 82
103 83
103 84
103 85
103 86
103 87
103 88
103 89
103 90
103 91
103 92
103 93
103 94
103 95
103 96
103 97
103 98
103 99
103 100
103 101
104 1
104 2
104 3
104 4
104 5
104 6
104 7
104 8
104 9
104 10
104 11
104 12
104 13
104 14
104 15
104 16
104 17
104 18
104 19
104 20
104 21
104 22
104 23
104 24
104 25
104 26
104 27
104 28
104 29
104 30
104 31
104 32
104 33
104 34
104 35
104 36
104 37
104 38
104 39
104 40
104 41
104 42
104 43
104 44
104 45
104 46
104 47
104 48
104 49
104 50
104 51
104 52
104 53
104 54
104 55
104 56
104 57
104 58
104 59
104 60
104 61
104 62
104 63
104 64
104 65
104 66
104 67
104 68
104 69
104 70
104 71
104 72
104 73
104 74
104 75
104 76
104 77
104 78
104 79
104 80
104 81
104 82
104 83
104 84
104 85
104 86
104 87
104 88
104 89
104 90
104 91
104 92
104 93
104 94
104 95
104 96
104 97
104 98
104 99
104 100
104 101
104 102
105 1
105 2
105 3
105 4
105 5
105 6
105 7
105 8
105 9
105 10
105 11
105 12
105 13
105 14
105 15
105 16
105 17
105 18
105 19
105 20
105 21
105 22
105 23
105 24
105 25
105 26
105 27
105 28
105 29
105 30
105 31
105 32
105 33
105 34
105 35
105 36
105 37
105 38
105 39
105 40
105 41
105 42
105 43
105 44
105 45
105 46
105 47
105 48
105 49
105 50
105 51
105 52
105 53
105 54
105 55
105 56
105 57
105 58
105 59
105 60
105 61
105 62
105 63
105 64
105 65
105 66
105 67
105 68
105 69
105 70
105 71
105 72
105 73
105 74
105 75
105 76
105 77
105 78
105 79
105 80
105 81
105 82
105 83
105 84
105 85
105 86
105 87
105 88
105 89
105 90
105 91
105 92
105 93
105 94
105 95
105 96
105 97
105 98
105 99
105 100
105 101
105 102
105 103
106 1
106 2
106 3
106 4
106 5
106 6
106 7
106 8
106 9
106 10
106 11
106 12
106 13
106 14
106 15
106 16
106 17
106 18
106 19
106 20
106 21
106 22
106 23
106 24
106 25
106 26
106 27
106 28
106 29
106 30
106 31
106 32
106 33
106 34
106 35
106 36
106 37
106 38
106 39
106 40
106 41
106 42
106 43
106 44
106 45
106 46
106 47
106 48
106 49
106 50
106 51
106 52
106 53
106 54
106 55
106 56
106 57
106 58
106 59
106 60
106 61
106 62
106 63
106 64
106 65
106 66
106 67
106 68
106 69
106 70
106 71
106 72
106 73
106 74
106 75
106 76
106 77
106 78
106 79
106 80
106 81
106 82
106 83
106 84
106 85
106 86
106 87
106 88
106 89
106 90
106 91
106 92
106 93
106 94
106 95
106 96
106 97
106 98
106 99
106 100
106 101
106 102
106 103
106 104
107 1
107 2
107 3
107 4
107 5
107 6
107 7
107 8
107 9
107 10
107 11
107 12
107 13
107 14
107 15
107 16
107 17
107 18
107 19
107 20
107 21
107 22
107 23
107 24
107 25
107 26
107 27
107 28
107 29
107 30
107 31
107 32
107 33
107 34
107 35
107 36
107 37
107 38
107 39
107 40
107 41
107 42
107 43
107 44
107 45
107 46
107 47
107 48
107 49
107 50
107 51
107 52
107 53
107 54
107 55
107 56
107 57
107 58
107 59
107 60
107 61
107 62
107 63
107 64
107 65
107 66
107 67
107 68
107 69
107 70
107 71
107 72
107 73
107 74
107 75
107 76
107 77
107 78
107 79
107 80
107 81
107 82
107 83
107 84
107 85
107 86
107 87
107 88
107 89
107 90
107 91
107 92
107 93
107 94
107 95
107 96
107 97
107 98
107 99
107 100
107 101
107 102
107 103
107 104
107 105
108 1
108 2
108 3
108 4
108 5
108 6
108 7
108 8
108 9
108 10
108 11
108 12
108 13
108 14
108 15
108 16
108 17
108 18
108 19
108 20
108 21
108 22
108 23
108 24
108 25
108 26
108 27
108 28
108 29
108 30
108 31
108 32
108 33
108 34
108 35
108 36
108 37
108 38
108 39
108 40
108 41
108 42
108 43
108 44
108 45
108 46
108 47
108 48
108 49
108 50
108 51
108 52
108 53
108 54
108 55
108 56
108 57
108 58
108 59
108 60
108 61
108 62
108 63
108 64
108 65
108 66
108 67
108 68
108 69
108 70
108 71
108 72
108 73
108 74
108 75
108 76
108 77
108 78
108 79
108 80
108 81
108 82
108 83
108 84
108 85
108 86
108 87
108 88
108 89
108 90
108 91
108 92
108 93
108 94
108 95
108 96
108 97
108 98
108 99
108 100
108 101
108 102
108 103
108 104
108 105
108 106
109 1
109 2
109 3
109 4
109 5
109 6
109 7
109 8
109 9
109 10
109 11
109 12
109 13
109 14
109 15
109 16
109 17
109 18
109 19
109 20
109 21
109 22
109 23
109 24
109 25
109 26
109 27
109 28
109 29
109 30
109 31
109 32
109 33
109 34
109 35
109 36
109 37
109 38
109 39
109 40
109 41
109 42
109 43
109 44
109 45
109 46
109 47
109 48
109 49
109 50
109 51
109 52
109 53
109 54
109 55
109 56
109 57
109 58
109 59
109 60
109 61
109 62
109 63
109 64
109 65
109 66
109 67
109 68
109 69
109 70
109 71
109 72
109 73
109 74
109 75
109 76
109 77
109 78
109 79
109 80
109 81
109 82
109 83
109 84
109 85
109 86
109 87
109 88
109 89
109 90
109 91
109 92
109 93
109 94
109 95
109 96
109 97
109 98
109 99
109 100
109 101
109 102
109 103
109 104
109 105
109 106
109 107
110 1
110 2
110 3
110 4
110 5
110 6
110 7
110 8
110 9
110 10
110 11
110 12
110 13
110 14
110 15
110 16
110 17
110 18
110 19
110 20
110 21
110 22
110 23
110 24
110 25
110 26
110 27
110 28
110 29
110 30
110 31
110 32
110 33
110 34
110 35
110 36
110 37
110 38
110 39
110 40
110 41
110 42
110 43
110 44
110 45
110 46
110 47
110 48
110 49
110 50
110 51
110 52
110 53
110 54
110 55
110 56
110 57
110 58
110 59
110 60
110 61
110 62
110 63
110 64
110 65
110 66
110 67
110 68
110 69
110 70
110 71
110 72
110 73
110 74
110 75
110 76
110 77
110 78
110 79
110 80
110 81
110 82
110 83
110 84
110 85
110 86
110 87
110 88
110 89
110 90
110 91
110 92
110 93
110 94
110 95
110 96
110 97
110 98
110 99
110 100
110 101
110 102
110 103
110 104
110 105
110 106
110 107
110 108
111 1
111 2
111 3
111 4
111 5
111 6
111 7
111 8
111 9
111 10
111 11
111 12
111 13
111 14
111 15
111 16
111 17
111 18
111 19
111 20
111 21
111 22
111 23
111 24
111 25
111 26
111 27
111 28
111 29
111 30
111 31
111 32
111 33
111 34
111 35
111 36
111 37
111 38
111 39
111 40
111 41
111 42
111 43
111 44
111 45
111 46
111 47
111 48
111 49
111 50
111 51
111 52
111 53
111 54
111 55
111 56
111 57
111 58
111 59
111 60
111 61
111 62
111 63
111 64
111 65
111 66
111 67
111 68
111 69
111 70
111 71
111 72
111 73
111 74
111 75
111 76
111 77
111 78
111 79
111 80
111 81
111 82
111 83
111 84
111 85
111 86
111 87
111 88
111 89
111 90
111 91
111 92
111 93
111 94
111 95
111 96
111 97
111 98
111 99
111 100
111 101
111 102
111 103
111 104
111 105
111 106
111 107
111 108
111 109
112 1
112 2
112 3
112 4
112 5
112 6
112 7
112 8
112 9
112 10
112 11
112 12
112 13
112 14
112 15
112 16
112 17
112 18
112 19
112 20
112 21
112 22
112 23
112 24
112 25
112 26
112 27
112 28
112 29
112 30
112 31
112 32
112 33
112 34
112 35
112 36
112 37
112 38
112 39
112 40
112 41
112 42
112 43
112 44
112 45
112 46
112 47
112 48
112 49
112 50
112 51
112 52
112 53
112 54
112 55
112 56
112 57
112 58
112 59
112 60
112 61
112 62
112 63
112 64
112 65
112 66
112 67
112 68
112 69
112 70
112 71
112 72
112 73
112 74
112 75
112 76
112 77
112 78
112 79
112 80
112 81
112 82
112 83
112 84
112 85
112 86
112 87
112 88
112 89
112 90
112 91
112 92
112 93
112 94
112 95
112 96
112 97
112 98
112 99
112 100
112 101
112 102
112 103
112 104
112 105
112 106
112 107
112 108
112 109
112 110
113 1
113 2
113 3
113 4
113 5
113 6
113 7
113 8
113 9
113 10
113 11
113 12
113 13
113 14
113 15
113 16
113 17
113 18
113 19
113 20
113 21
113 22
113 23
113 24
113 25
113 26
113 27
113 28
113 29
113 30
113 31
113 32
113 33
113 34
113 35
113 36
113 37
113 38
113 39
113 40
113 41
113 42
113 43
113 44
113 45
113 46
113 47
113 48
113 49
113 50
113 51
113 52
113 53
113 54
113 55
113 56
113 57
113 58
113 59
113 60
113 61
113 62
113 63
113 64
113 65
113 66
113 67
113 68
113 69
113 70
113 71
113 72
113 73
113 74
113 75
113 76
113 77
113 78
113 79
113 80
113 81
113 82
113 83
113 84
113 85
113 86
113 87
113 88
113 89
113 90
113 91
113 92
113 93
113 94
113 95
113 96
113 97
113 98
113 99
113 100
113 101
113 102
113 103
113 104
113 105
113 106
113 107
113 108
113 109
113 110
113 111
114 1
114 2
114 3
114 4
114 5
114 6
114 7
114 8
114 9
114 10
114 11
114 12
114 13
114 14
114 15
114 16
114 17
114 18
114 19
114 20
114 21
114 22
114 23
114 24
114 25
114 26
114 27
114 28
114 29
114 30
114 31
114 32
114 33
114 34
114 35
114 36
114 37
114 38
114 39
114 40
114 41
114 42
114 43
114 44
114 45
114 46
114 47
114 48
114 49
114 50
114 51
114 52
114 53
114 54
114 55
114 56
114 57
114 58
114 59
114 60
114 61
114 62
114 63
114 64
114 65
114 66
114 67
114 68
114 69
114 70
114 71
114 72
114 73
114 74
114 75
114 76
114 77
114 78
114 79
114 80
114 81
114 82
114 83
114 84
114 85
114 86
114 87
114 88
114 89
114 90
114 91
114 92
114 93
114 94
114 95
114 96
114 97
114 98
114 99
114 100
114 101
114 102
114 103
114 104
114 105
114 106
114 107
114 108
114 109
114 110
114 111
114 112
115 1
115 2
115 3
115 4
115 5
115 6
115 7
115 8
115 9
115 10
115 11
115 12
115 13
115 14
115 15
115 16
115 17
115 18
115 19
115 20
115 21
115 22
115 23
115 24
115 25
115 26
115 27
115 28
115 29
115 30
115 31
115 32
115 33
115 34
115 35
115 36
115 37
115 38
115 39
115 40
115 41
115 42
115 43
115 44
115 45
115 46
115 47
115 48
115 49
115 50
115 51
115 52
115 53
115 54
115 55
115 56
115 57
115 58
115 59
115 60
115 61
115 62
115 63
115 64
115 65
115 66
115 67
115 68
115 69
115 70
115 71
115 72
115 73
115 74
115 75
115 76
115 77
115 78
115 79
115 80
115 81
115 82
115 83
115 84
115 85
115 86
115 87
115 88
115 89
115 90
115 91
115 92
115 93
115 94
115 95
115 96
115 97
115 98
115 99
115 100
115 101
115 102
115 103
115 104
115 105
115 106
115 107
115 108
115 109
115 110
115 111
115 112
115 113
116 1
116 2
116 3
116 4
116 5
116 6
116 7
116 8
116 9
116 10
116 11
116 12
116 13
116 14
116 15
116 16
116 17
116 18
116 19
116 20
116 21
116 22
116 23
116 24
116 25
116 26
116 27
116 28
116 29
116 30
116 31
116 32
116 33
116 34
116 35
116 36
116 37
116 38
116 39
116 40
116 41
116 42
116 43
116 44
116 45
116 46
116 47
116 48
116 49
116 50
116 51
116 52
116 53
116 54
116 55
116 56
116 57
116 58
116 59
116 60
116 61
116 62
116 63
116 64
116 65
116 66
116 67
116 68
116 69
116 70
116 71
116 72
116 73
116 74
116 75
116 76
116 77
116 78
116 79
116 80
116 81
116 82
116 83
116 84
116 85
116 86
116 87
116 88
116 89
116 90
116 91
116 92
116 93
116 94
116 95
116 96
116 97
116 98
116 99
116 100
116 101
116 102
116 103
116 104
116 105
116 106
116 107
116 108
116 109
116 110
116 111
116 112
116 113
116 114
117 1
117 2
117 3
117 4
117 5
117 6
117 7
117 8
117 9
117 10
117 11
117 12
117 13
117 14
117 15
117 16
117 17
117 18
117 19
117 20
117 21
117 22
117 23
117 24
117 25
117 26
117 27
117 28
117 29
117 30
117 31
117 32
117 33
117 34
117 35
117 36
117 37
117 38
117 39
117 40
117 41
117 42
117 43
117 44
117 45
117 46
117 47
117 48
117 49
117 50
117 51
117 52
117 53
117 54
117 55
117 56
117 57
117 58
117 59
117 60
117 61
117 62
117 63
117 64
117 65
117 66
117 67
117 68
117 69
117 70
117 71
117 72
117 73
117 74
117 75
117 76
117 77
117 78
117 79
117 80
117 81
117 82
117 83
117 84
117 85
117 86
117 87
117 88
117 89
117 90
117 91
117 92
117 93
117 94
117 95
117 96
117 97
117 98
117 99
117 100
117 101
117 102
117 103
117 104
117 105
117 106
117 107
117 108
117 109
117 110
117 111
117 112
117 113
117 114
117 115
118 1
118 2
118 3
118 4
118 5
118 6
118 7
118 8
118 9
118 10
118 11
118 12
118 13
118 14
118 15
118 16
118 17
118 18
118 19
118 20
118 21
118 22
118 23
118 24
118 25
118 26
118 27
118 28
118 29
118 30
118 31
118 32
118 33
118 34
118 35
118 36
118 37
118 38
118 39
118 40
118 41
118 42
118 43
118 44
118 45
118 46
118 47
118 48
118 49
118 50
118 51
118 52
118 53
118 54
118 55
118 56
118 57
118 58
118 59
118 60
118 61
118 62
118 63
118 64
118 65
118 66
118 67
118 68
118 69
118 70
118 71
118 72
118 73
118 74
118 75
118 76
118 77
118 78
118 79
118 80
118 81
118 82
118 83
118 84
118 85
118 86
118 87
118 88
118 89
118 90
118 91
118 92
118 93
118 94
118 95
118 96
118 97
118 98
118 99
118 100
118 101
118 102
118 103
118 104
118 105
118 106
118 107
118 108
118 109
118 110
118 111
118 112
118 113
118 114
118 115
118 116
119 1
119 2
119 3
119 4
119 5
119 6
119 7
119 8
119 9
119 10
119 11
119 12
119 13
119 14
119 15
119 16
119 17
119 18
119 19
119 20
119 21
119 22
119 23
119 24
119 25
119 26
119 27
119 28
119 29
119 30
119 31
119 32
119 33
119 34
119 35
119 36
119 37
119 38
119 39
119 40
119 41
119 42
119 43
119 44
119 45
119 46
119 47
119 48
119 49
119 50
119 51
119 52
119 53
119 54
119 55
119 56
119 57
119 58
119 59
119 60
119 61
119 62
119 63
119 64
119 65
119 66
119 67
119 68
119 69
119 70
119 71
119 72
119 73
119 74
119 75
119 76
119 77
119 78
119 79
119 80
119 81
119 82
119 83
119 84
119 85
119 86
119 87
119 88
119 89
119 90
119 91
119 92
119 93
119 94
119 95
119 96
119 97
119 98
119 99
119 100
119 101
119 102
119 103
119 104
119 105
119 106
119 107
119 108
119 109
119 110
119 111
119 112
119 113
119 114
119 115
119 116
119 117
120 1
120 2
120 3
120 4
120 5
120 6
120 7
120 8
120 9
120 10
120 11
120 12
120 13
120 14
120 15
120 16
120 17
120 18
120 19
120 20
120 21
120 22
120 23
120 24
120 25
120 26
120 27
120 28
120 29
120 30
120 31
120 32
120 33
120 34
120 35
120 36
120 37
120 38
120 39
120 40
120 41
120 42
120 43
120 44
120 45
120 46
120 47
120 48
120 49
120 50
120 51
120 52
120 53
120 54
120 55
120 56
120 57
120 58
120 59
120 60
120 61
120 62
120 63
120 64
120 65
120 66
120 67
120 68
120 69
120 70
120 71
120 72
120 73
120 74
120 75
120 76
120 77
120 78
120 79
120 80
120 81
120 82
120 83
120 84
120 85
120 86
120 87
120 88
120 89
120 90
120 91
120 92
120 93
120 94
120 95
120 96
120 97
120 98
120 99
120 100
120 101
120 102
120 103
120 104
120 105
120 106
120 107
120 108
120 109
120 110
120 111
120 112
120 113
120 114
120 115
120 116
120 117
120 118
121 1
121 2
121 3
121 4
121 5
121 6
121 7
121 8
121 9
121 10
121 11
121 12
121 13
121 14
121 15
121 16
121 17
121 18
121 19
121 20
121 21
121 22
121 23
121 24
121 25
121 26
121 27
121 28
121 29
121 30
121 31
121 32
121 33
121 34
121 35
121 36
121 37
121 38
121 39
121 40
121 41
121 42
121 43
121 44
121 45
121 46
121 47
121 48
121 49
121 50
121 51
121 52
121 53
121 54
121 55
121 56
121 57
121 58
121 59
121 60
121 61
121 62
121 63
121 64
121 65
121 66
121 67
121 68
121 69
121 70
121 71
121 72
121 73
121 74
121 75
121 76
121 77
121 78
121 79
121 80
121 81
121 82
121 83
121 84
121 85
121 86
121 87
121 88
121 89
121 90
121 91
121 92
121 93
121 94
121 95
121 96
121 97
121 98
121 99
121 100
121 101
121 102
121 103
121 104
121 105
121 106
121 107
121 108
121 109
121 110
121 111
121 112
121 113
121 114
121 115
121 116
121 117
121 118
121 119
122 1
122 2
122 3
122 4
122 5
122 6
122 7
122 8
122 9
122 10
122 11
122 12
122 13
122 14
122 15
122 16
122 17
122 18
122 19
122 20
122 21
122 22
122 23
122 24
122 25
122 26
122 27
122 28
122 29
122 30
122 31
122 32
122 33
122 34
122 35
122 36
122 37
122 38
122 39
122 40
122 41
122 42
122 43
122 44
122 45
122 46
122 47
122 48
122 49
122 50
122 51
122 52
122 53
122 54
122 55
122 56
122 57
122 58
122 59
122 60
122 61
122 62
122 63
122 64
122 65
122 66
122 67
122 68
122 69
122 70
122 71
122 72
122 73
122 74
122 75
122 76
122 77
122 78
122 79
122 80
122 81
122 82
122 83
122 84
122 85
122 86
122 87
122 88
122 89
122 90
122 91
122 92
122 93
122 94
122 95
122 96
122 97
122 98
122 99
122 100
122 101
122 102
122 103
122 104
122 105
122 106
122 107
122 108
122 109
122 110
122 111
122 112
122 113
122 114
122 115
122 116
122 117
122 118
122 119
122 120
123 1
123 2
123 3
123 4
123 5
123 6
123 7
123 8
123 9
123 10
123 11
123 12
123 13
123 14
123 15
123 16
123 17
123 18
123 19
123 20
123 21
123 22
123 23
123 24
123 25
123 26
123 27
123 28
123 29
123 30
123 31
123 32
123 33
123 34
123 35
123 36
123 37
123 38
123 39
123 40
123 41
123 42
123 43
123 44
123 45
123 46
123 47
123 48
123 49
123 50
123 51
123 52
123 53
123 54
123 55
123 56
123 57
123 58
123 59
123 60
123 61
123 62
123 63
123 64
123 65
123 66
123 67
123 68
123 69
123 70
123 71
123 72
123 73
123 74
123 75
123 76
123 77
123 78
123 79
123 80
123 81
123 82
123 83
123 84
123 85
123 86
123 87
123 88
123 89
123 90
123 91
123 92
123 93
123 94
123 95
123 96
123 97
123 98
123 99
123 100
123 101
123 102
123 103
123 104
123 105
123 106
123 107
123 108
123 109
123 110
123 111
123 112
123 113
123 114
123 115
123 116
123 117
123 118
123 119
123 120
123 121
124 1
124 2
124 3
124 4
124 5
124 6
124 7
124 8
124 9
124 10
124 11
124 12
124 13
124 14
124 15
124 16
124 17
124 18
124 19
124 20
124 21
124 22
124 23
124 24
124 25
124 26
124 27
124 28
124 29
124 30
124 31
124 32
124 33
124 34
124 35
124 36
124 37
124 38
124 39
124 40
124 41
124 42
124 43
124 44
124 45
124 46
124 47
124 48
124 49
124 50
124 51
124 52
124 53
124 54
124 55
124 56
124 57
124 58
124 59
124 60
124 61
124 62
124 63
124 64
124 65
124 66
124 67
124 68
124 69
124 70
124 71
124 72
124 73
124 74
124 75
124 76
124 77
124 78
124 79
124 80
124 81
124 82
124 83
124 84
124 85
124 86
124 87
124 88
124 89
124 90
124 91
124 92
124 93
124 94
124 95
124 96
124 97
124 98
124 99
124 100
124 101
124 102
124 103
124 104
124 105
124 106
124 107
124 108
124 109
124 110
124 111
124 112
124 113
124 114
124 115
124 116
124 117
124 118
124 119
124 120
124 121
124 122
125 1
125 2
125 3
125 4
125 5
125 6
125 7
125 8
125 9
125 10
125 11
125 12
125 13
125 14
125 15
125 16
125 17
125 18
125 19
125 20
125 21
125 22
125 23
125 24
125 25
125 26
125 27
125 28
125 29
125 30
125 31
125 32
125 33
125 34
125 35
125 36
125 37
125 38
125 39
125 40
125 41
125 42
125 43
125 44
125 45
125 46
125 47
125 48
125 49
125 50
125 51
125 52
125 53
125 54
125 55
125 56
125 57
125 58
125 59
125 60
125 61
125 62
125 63
125 64
125 65
125 66
125 67
125 68
125 69
125 70
125 71
125 72
125 73
125 74
125 75
125 76
125 77
125 78
125 79
125 80
125 81
125 82
125 83
125 84
125 85
125 86
125 87
125 88
125 89
125 90
125 91
125 92
125 93
125 94
125 95
125 96
125 97
125 98
125 99
125 100
125 101
125 102
125 103
125 104
125 105
125 106
125 107
125 108
125 109
125 110
125 111
125 112
125 113
125 114
125 115
125 116
125 117
125 118
125 119
125 120
125 121
125 122
125 123
126 1
126 2
126 3
126 4
126 5
126 6
126 7
126 8
126 9
126 10
126 11
126 12
126 13
126 14
126 15
126 16
126 17
126 18
126 19
126 20
126 21
126 22
126 23
126 24
126 25
126 26
126 27
126 28
126 29
126 30
126 31
126 32
126 33
126 34
126 35
126 36
126 37
126 38
126 39
126 40
126 41
126 42
126 43
126 44
126 45
126 46
126 47
126 48
126 49
126 50
126 51
126 52
126 53
126 54
126 55
126 56
126 57
126 58
126 59
126 60
126 61
126 62
126 63
126 64
126 65
126 66
126 67
126 68
126 69
126 70
126 71
126 72
126 73
126 74
126 75
126 76
126 77
126 78
126 79
126 80
126 81
126 82
126 83
126 84
126 85
126 86
126 87
126 88
126 89
126 90
126 91
126 92
126 93
126 94
126 95
126 96
126 97
126 98
126 99
126 100
126 101
126 102
126 103
126 104
126 105
126 106
126 107
126 108
126 109
126 110
126 111
126 112
126 113
126 114
126 115
126 116
126 117
126 118
126 119
126 120
126 121
126 122
126 123
126 124
127 1
127 2
127 3
127 4
127 5
127 6
127 7
127 8
127 9
127 10
127 11
127 12
127 13
127 14
127 15
127 16
127 17
127 18
127 19
127 20
127 21
127 22
127 23
127 24
127 25
127 26
127 27
127 28
127 29
127 30
127 31
127 32
127 33
127 34
127 35
127 36
127 37
127 38
127 39
127 40
127 41
127 42
127 43
127 44
127 45
127 46
127 47
127 48
127 49
127 50
127 51
127 52
127 53
127 54
127 55
127 56
127 57
127 58
127 59
127 60
127 61
127 62
127 63
127 64
127 65
127 66
127 67
127 68
127 69
127 70
127 71
127 72
127 73
127 74
127 75
127 76
127 77
127 78
127 79
127 80
127 81
127 82
127 83
127 84
127 85
127 86
127 87
127 88
127 89
127 90
127 91
127 92
127 93
127 94
127 95
127 96
127 97
127 98
127 99
127 100
127 101
127 102
127 103
127 104
127 105
127 106
127 107
127 108
127 109
127 110
127 111
127 112
127 113
127 114
127 115
127 116
127 117
127 118
127 119
127 120
127 121
127 122
127 123
127 124
127 125
128 1
128 2
128 3
128 4
128 5
128 6
128 7
128 8
128 9
128 10
128 11
128 12
128 13
128 14
128 15
128 16
128 17
128 18
128 19
128 20
128 21
128 22
128 23
128 24
128 25
128 26
128 27
128 28
128 29
128 30
128 31
128 32
128 33
128 34
128 35
128 36
128 37
128 38
128 39
128 40
128 41
128 42
128 43
128 44
128 45
128 46
128 47
128 48
128 49
128 50
128 51
128 52
128 53
128 54
128 55
128 56
128 57
128 58
128 59
128 60
128 61
128 62
128 63
128 64
128 65
128 66
128 67
128 68
128 69
128 70
128 71
128 72
128 73
128 74
128 75
128 76
128 77
128 78
128 79
128 80
128 81
128 82
128 83
128 84
128 85
128 86
128 87
128 88
128 89
128 90
128 91
128 92
128 93
128 94
128 95
128 96
128 97
128 98
128 99
128 100
128 101
128 102
128 103
128 104
128 105
128 106
128 107
128 108
128 109
128 110
128 111
128 112
128 113
128 114
128 115
128 116
128 117
128 118
128 119
128 120
128 121
128 122
128 123
128 124
128 125
128 126
129 1
129 2
129 3
129 4
129 5
129 6
129 7
129 8
129 9
129 10
129 11
129 12
129 13
129 14
129 15
129 16
129 17
129 18
129 19
129 20
129 21
129 22
129 23
129 24
129 25
129 26
129 27
129 28
129 29
129 30
129 31
129 32
129 33
129 34
129 35
129 36
129 37
129 38
129 39
129 40
129 41
129 42
129 43
129 44
129 45
129 46
129 47
129 48
129 49
129 50
129 51
129 52
129 53
129 54
129 55
129 56
129 57
129 58
129 59
129 60
129 61
129 62
129 63
129 64
129 65
129 66
129 67
129 68
129 69
129 70
129 71
129 72
129 73
129 74
129 75
129 76
129 77
129 78
129 79
129 80
129 81
129 82
129 83
129 84
129 85
129 86
129 87
129 88
129 89
129 90
129 91
129 92
129 93
129 94
129 95
129 96
129 97
129 98
129 99
129 100
129 101
129 102
129 103
129 104
129 105
129 106
129 107
129 108
129 109
129 110
129 111
129 112
129 113
129 114
129 115
129 116
129 117
129 118
129 119
129 120
129 121
129 122
129 123
129 124
129 125
129 126
129 127
130 1
130 2
130 3
130 4
130 5
130 6
130 7
130 8
130 9
130 10
130 11
130 12
130 13
130 14
130 15
130 16
130 17
130 18
130 19
130 20
130 21
130 22
130 23
130 24
130 25
130 26
130 27
130 28
130 29
130 30
130 31
130 32
130 33
130 34
130 35
130 36
130 37
130 38
130 39
130 40
130 41
130 42
130 43
130 44
130 45
130 46
130 47
130 48
130 49
130 50
130 51
130 52
130 53
130 54
130 55
130 56
130 57
130 58
130 59
130 60
130 61
130 62
130 63
130 64
130 65
130 66
130 67
130 68
130 69
130 70
130 71
130 72
130 73
130 74
130 75
130 76
130 77
130 78
130 79
130 80
130 81
130 82
130 83
130 84
130 85
130 86
130 87
130 88
130 89
130 90
130 91
130 92
130 93
130 94
130 95
130 96
130 97
130 98
130 99
130 100
130 101
130 102
130 103
130 104
130 105
130 106
130 107
130 108
130 109
130 110
130 111
130 112
130 113
130 114
130 115
130 116
130 117
130 118
130 119
130 120
130 121
130 122
130 123
130 124
130 125
130 126
130 127
130 128
131 1
131 2
131 3
131 4
131 5
131 6
131 7
131 8
131 9
131 10
131 11
131 12
131 13
131 14
131 15
131 16
131 17
131 18
131 19
131 20
131 21
131 22
131 23
131 24
131 25
131 26
131 27
131 28
131 29
131 30
131 31
131 32
131 33
131 34
131 35
131 36
131 37
131 38
131 39
131 40
131 41
131 42
131 43
131 44
131 45
131 46
131 47
131 48
131 49
131 50
131 51
131 52
131 53
131 54
131 55
131 56
131 57
131 58
131 59
131 60
131 61
131 62
131 63
131 64
131 65
131 66
131 67
131 68
131 69
131 70
131 71
131 72
131 73
131 74
131 75
131 76
131 77
131 78
131 79
131 80
131 81
131 82
131 83
131 84
131 85
131 86
131 87
131 88
131 89
131 90
131 91
131 92
131 93
131 94
131 95
131 96
131 97
131 98
131 99
131 100
131 101
131 102
131 103
131 104
131 105
131 106
131 107
131 108
131 109
131 110
131 111
131 112
131 113
131 114
131 115
131 116
131 117
131 118
131 119
131 120
131 121
131 122
131 123
131 124
131 125
131 126
131 127
131 128
131 129
132 1
132 2
132 3
132 4
132 5
132 6
132 7
132 8
132 9
132 10
132 11
132 12
132 13
132 14
132 15
132 16
132 17
132 18
132 19
132 20
132 21
132 22
132 23
132 24
132 25
132 26
132 27
132 28
132 29
132 30
132 31
132 32
132 33
132 34
132 35
132 36
132 37
132 38
132 39
132 40
132 41
132 42
132 43
132 44
132 45
132 46
132 47
132 48
132 49
132 50
132 51
132 52
132 53
132 54
132 55
132 56
132 57
132 58
132 59
132 60
132 61
132 62
132 63
132 64
132 65
132 66
132 67
132 68
132 69
132 70
132 71
132 72
132 73
132 74
132 75
132 76
132 77
132 78
132 79
132 80
132 81
132 82
132 83
132 84
132 85
132 86
132 87
132 88
132 89
132 90
132 91
132 92
132 93
132 94
132 95
132 96
132 97
132 98
132 99
132 100
132 101
132 102
132 103
132 104
132 105
132 106
132 107
132 108
132 109
132 110
132 111
132 112
132 113
132 114
132 115
132 116
132 117
132 118
132 119
132 120
132 121
132 122
132 123
132 124
132 125
132 126
132 127
132 128
132 129
132 130
133 1
133 2
133 3
133 4
133 5
133 6
133 7
133 8
133 9
133 10
133 11
133 12
133 13
133 14
133 15
133 16
133 17
133 18
133 19
133 20
133 21
133 22
133 23
133 24
133 25
133 26
133 27
133 28
133 29
133 30
133 31
133 32
133 33
133 34
133 35
133 36
133 37
133 38
133 39
133 40
133 41
133 42
133 43
133 44
133 45
133 46
133 47
133 48
133 49
133 50
133 51
133 52
133 53
133 54
133 55
133 56
133 57
133 58
133 59
133 60
133 61
133 62
133 63
133 64
133 65
133 66
133 67
133 68
133 69
133 70
133 71
133 72
133 73
133 74
133 75
133 76
133 77
133 78
133 79
133 80
133 81
133 82
133 83
133 84
133 85
133 86
133 87
133 88
133 89
133 90
133 91
133 92
133 93
133 94
133 95
133 96
133 97
133 98
133 99
133 100
133 101
133 102
133 103
133 104
133 105
133 106
133 107
133 108
133 109
133 110
133 111
133 112
133 113
133 114
133 115
133 116
133 117
133 118
133 119
133 120
133 121
133 122
133 123
133 124
133 125
133 126
133 127
133 128
133 129
133 130
133 131
134 1
134 2
134 3
134 4
134 5
134 6
134 7
134 8
134 9
134 10
134 11
134 12
134 13
134 14
134 15
134 16
134 17
134 18
134 19
134 20
134 21
134 22
134 23
134 24
134 25
134 26
134 27
134 28
134 29
134 30
134 31
134 32
134 33
134 34
134 35
134 36
134 37
134 38
134 39
134 40
134 41
134 42
134 43
134 44
134 45
134 46
134 47
134 48
134 49
134 50
134 51
134 52
134 53
134 54
134 55
134 56
134 57
134 58
134 59
134 60
134 61
134 62
134 63
134 64
134 65
134 66
134 67
134 68
134 69
134 70
134 71
134 72
134 73
134 74
134 75
134 76
134 77
134 78
134 79
134 80
134 81
134 82
134 83
134 84
134 85
134 86
134 87
134 88
134 89
134 90
134 91
134 92
134 93
134 94
134 95
134 96
134 97
134 98
134 99
134 100
134 101
134 102
134 103
134 104
134 105
134 106
134 107
134 108
134 109
134 110
134 111
134 112
134 113
134 114
134 115
134 116
134 117
134 118
134 119
134 120
134 121
134 122
134 123
134 124
134 125
134 126
134 127
134 128
134 129
134 130
134 131
134 132
135 1
135 2
135 3
135 4
135 5
135 6
135 7
135 8
135 9
135 10
135 11
135 12
135 13
135 14
135 15
135 16
135 17
135 18
135 19
135 20
135 21
135 22
135 23
135 24
135 25
135 26
135 27
135 28
135 29
135 30
135 31
135 32
135 33
135 34
135 35
135 36
135 37
135 38
135 39
135 40
135 41
135 42
135 43
135 44
135 45
135 46
135 47
135 48
135 49
135 50
135 51
135 52
135 53
135 54
135 55
135 56
135 57
135 58
135 59
135 60
135 61
135 62
135 63
135 64
135 65
135 66
135 67
135 68
135 69
135 70
135 71
135 72
135 73
135 74
135 75
135 76
135 77
135 78
135 79
135 80
135 81
135 82
135 83
135 84
135 85
135 86
135 87
135 88
135 89
135 90
135 91
135 92
135 93
135 94
135 95
135 96
135 97
135 98
135 99
135 100
135 101
135 102
135 103
135 104
135 105
135 106
135 107
135 108
135 109
135 110
135 111
135 112
135 113
135 114
135 115
135 116
135 117
135 118
135 119
135 120
135 121
135 122
135 123
135 124
135 125
135 126
135 127
135 128
135 129
135 130
135 131
135 132
135 133
136 1
136 2
136 3
136 4
136 5
136 6
136 7
136 8
136 9
136 10
136 11
136 12
136 13
136 14
136 15
136 16
136 17
136 18
136 19
136 20
136 21
136 22
136 23
136 24
136 25
136 26
136 27
136 28
136 29
136 30
136 31
136 32
136 33
136 34
136 35
136 36
136 37
136 38
136 39
136 40
136 41
136 42
136 43
136 44
136 45
136 46
136 47
136 48
136 49
136 50
136 51
136 52
136 53
136 54
136 55
136 56
136 57
136 58
136 59
136 60
136 61
136 62
136 63
136 64
136 65
136 66
136 67
136 68
136 69
136 70
136 71
136 72
136 73
136 74
136 75
136 76
136 77
136 78
136 79
136 80
136 81
136 82
136 83
136 84
136 85
136 86
136 87
136 88
136 89
136 90
136 91
136 92
136 93
136 94
136 95
136 96
136 97
136 98
136 99
136 100
136 101
136 102
136 103
136 104
136 105
136 106
136 107
136 108
136 109
136 110
136 111
136 112
136 113
136 114
136 115
136 116
136 117
136 118
136 119
136 120
136 121
136 122
136 123
136 124
136 125
136 126
136 127
136 128
136 129
136 130
136 131
136 132
136 133
136 134
137 1
137 2
137 3
137 4
137 5
137 6
137 7
137 8
137 9
137 10
137 11
137 12
137 13
137 14
137 15
137 16
137 17
137 18
137 19
137 20
137 21
137 22
137 23
137 24
137 25
137 26
137 27
137 28
137 29
137 30
137 31
137 32
137 33
137 34
137 35
137 36
137 37
137 38
137 39
137 40
137 41
137 42
137 43
137 44
137 45
137 46
137 47
137 48
137 49
137 50
137 51
137 52
137 53
137 54
137 55
137 56
137 57
137 58
137 59
137 60
137 61
137 62
137 63
137 64
137 65
137 66
137 67
137 68
137 69
137 70
137 71
137 72
137 73
137 74
137 75
137 76
137 77
137 78
137 79
137 80
137 81
137 82
137 83
137 84
137 85
137 86
137 87
137 88
137 89
137 90
137 91
137 92
137 93
137 94
137 95
137 96
137 97
137 98
137 99
137 100
137 101
137 102
137 103
137 104
137 105
137 106
137 107
137 108
137 109
137 110
137 111
137 112
137 113
137 114
137 115
137 116
137 117
137 118
137 119
137 120
137 121
137 122
137 123
137 124
137 125
137 126
137 127
137 128
137 129
137 130
137 131
137 132
137 133
137 134
137 135
138 1
138 2
138 3
138 4
138 5
138 6
138 7
138 8
138 9
138 10
138 11
138 12
138 13
138 14
138 15
138 16
138 17
138 18
138 19
138 20
138 21
138 22
138 23
138 24
138 25
138 26
138 27
138 28
138 29
138 30
138 31
138 32
138 33
138 34
138 35
138 36
138 37
138 38
138 39
138 40
138 41
138 42
138 43
138 44
138 45
138 46
138 47
138 48
138 49
138 50
138 51
138 52
138 53
138 54
138 55
138 56
138 57
138 58
138 59
138 60
138 61
138 62
138 63
138 64
138 65
138 66
138 67
138 68
138 69
138 70
138 71
138 72
138 73
138 74
138 75
138 76
138 77
138 78
138 79
138 80
138 81
138 82
138 83
138 84
138 85
138 86
138 87
138 88
138 89
138 90
138 91
138 92
138 93
138 94
138 95
138 96
138 97
138 98
138 99
138 100
138 101
138 102
138 103
138 104
138 105
138 106
138 107
138 108
138 109
138 110
138 111
138 112
138 113
138 114
138 115
138 116
138 117
138 118
138 119
138 120
138 121
138 122
138 123
138 124
138 125
138 126
138 127
138 128
138 129
138 130
138 131
138 132
138 133
138 134
138 135
138 136
139 1
139 2
139 3
139 4
139 5
139 6
139 7
139 8
139 9
139 10
139 11
139 12
139 13
139 14
139 15
139 16
139 17
139 18
139 19
139 20
139 21
139 22
139 23
139 24
139 25
139 26
139 27
139 28
139 29
139 30
139 31
139 32
139 33
139 34
139 35
139 36
139 37
139 38
139 39
139 40
139 41
139 42
139 43
139 44
139 45
139 46
139 47
139 48
139 49
139 50
139 51
139 52
139 53
139 54
139 55
139 56
139 57
139 58
139 59
139 60
139 61
139 62
139 63
139 64
139 65
139 66
139 67
139 68
139 69
139 70
139 71
139 72
139 73
139 74
139 75
139 76
139 77
139 78
139 79
139 80
139 81
139 82
139 83
139 84
139 85
139 86
139 87
139 88
139 89
139 90
139 91
139 92
139 93
139 94
139 95
139 96
139 97
139 98
139 99
139 100
139 101
139 102
139 103
139 104
139 105
139 106
139 107
139 108
139 109
139 110
139 111
139 112
139 113
139 114
139 115
139 116
139 117
139 118
139 119
139 120
139 121
139 122
139 123
139 124
139 125
139 126
139 127
139 128
139 129
139 130
139 131
139 132
139 133
139 134
139 135
139 136
139 137
140 1
140 2
140 3
140 4
140 5
140 6
140 7
140 8
140 9
140 10
140 11
140 12
140 13
140 14
140 15
140 16
140 17
140 18
140 19
140 20
140 21
140 22
140 23
140 24
140 25
140 26
140 27
140 28
140 29
140 30
140 31
140 32
140 33
140 34
140 35
140 36
140 37
140 38
140 39
140 40
140 41
140 42
140 43
140 44
140 45
140 46
140 47
140 48
140 49
140 50
140 51
140 52
140 53
140 54
140 55
140 56
140 57
140 58
140 59
140 60
140 61
140 62
140 63
140 64
140 65
140 66
140 67
140 68
140 69
140 70
140 71
140 72
140 73
140 74
140 75
140 76
140 77
140 78
140 79
140 80
140 81
140 82
140 83
140 84
140 85
140 86
140 87
140 88
140 89
140 90
140 91
140 92
140 93
140 94
140 95
140 96
140 97
140 98
140 99
140 100
140 101
140 102
140 103
140 104
140 105
140 106
140 107
140 108
140 109
140 110
140 111
140 112
140 113
140 114
140 115
140 116
140 117
140 118
140 119
140 120
140 121
140 122
140 123
140 124
140 125
140 126
140 127
140 128
140 129
140 130
140 131
140 132
140 133
140 134
140 135
140 136
140 137
140 138
141 1
141 2
141 3
141 4
141 5
141 6
141 7
141 8
141 9
141 10
141 11
141 12
141 13
141 14
141 15
141 16
141 17
141 18
141 19
141 20
141 21
141 22
141 23
141 24
141 25
141 26
141 27
141 28
141 29
141 30
141 31
141 32
141 33
141 34
141 35
141 36
141 37
141 38
141 39
141 40
141 41
141 42
141 43
141 44
141 45
141 46
141 47
141 48
141 49
141 50
141 51
141 52
141 53
141 54
141 55
141 56
141 57
141 58
141 59
141 60
141 61
141 62
141 63
141 64
141 65
141 66
141 67
141 68
141 69
141 70
141 71
141 72
141 73
141 74
141 75
141 76
141 77
141 78
141 79
141 80
141 81
141 82
141 83
141 84
141 85
141 86
141 87
141 88
141 89
141 90
141 91
141 92
141 93
141 94
141 95
141 96
141 97
141 98
141 99
141 100
141 101
141 102
141 103
141 104
141 105
141 106
141 107
141 108
141 109
141 110
141 111
141 112
141 113
141 114
141 115
141 116
141 117
141 118
141 119
141 120
141 121
141 122
141 123
141 124
141 125
141 126
141 127
141 128
141 129
141 130
141 131
141 132
141 133
141 134
141 135
141 136
141 137
141 138
141 139
142 1
142 2
142 3
142 4
142 5
142 6
142 7
142 8
142 9
142 10
142 11
142 12
142 13
142 14
142 15
142 16
142 17
142 18
142 19
142 20
142 21
142 22
142 23
142 24
142 25
142 26
142 27
142 28
142 29
142 30
142 31
142 32
142 33
142 34
142 35
142 36
142 37
142 38
142 39
142 40
142 41
142 42
142 43
142 44
142 45
142 46
142 47
142 48
142 49
142 50
142 51
142 52
142 53
142 54
142 55
142 56
142 57
142 58
142 59
142 60
142 61
142 62
142 63
142 64
142 65
142 66
142 67
142 68
142 69
142 70
142 71
142 72
142 73
142 74
142 75
142 76
142 77
142 78
142 79
142 80
142 81
142 82
142 83
142 84
142 85
142 86
142 87
142 88
142 89
142 90
142 91
142 92
142 93
142 94
142 95
142 96
142 97
142 98
142 99
142 100
142 101
142 102
142 103
142 104
142 105
142 106
142 107
142 108
142 109
142 110
142 111
142 112
142 113
142 114
142 115
142 116
142 117
142 118
142 119
142 120
142 121
142 122
142 123
142 124
142 125
142 126
142 127
142 128
142 129
142 130
142 131
142 132
142 133
142 134
142 135
142 136
142 137
142 138
142 139
142 140
143 1
143 2
143 3
143 4
143 5
143 6
143 7
143 8
143 9
143 10
143 11
143 12
143 13
143 14
143 15
143 16
143 17
143 18
143 19
143 20
143 21
143 22
143 23
143 24
143 25
143 26
143 27
143 28
143 29
143 30
143 31
143 32
143 33
143 34
143 35
143 36
143 37
143 38
143 39
143 40
143 41
143 42
143 43
143 44
143 45
143 46
143 47
143 48
143 49
143 50
143 51
143 52
143 53
143 54
143 55
143 56
143 57
143 58
143 59
143 60
143 61
143 62
143 63
143 64
143 65
143 66
143 67
143 68
143 69
143 70
143 71
143 72
143 73
143 74
143 75
143 76
143 77
143 78
143 79
143 80
143 81
143 82
143 83
143 84
143 85
143 86
143 87
143 88
143 89
143 90
143 91
143 92
143 93
143 94
143 95
143 96
143 97
143 98
143 99
143 100
143 101
143 102
143 103
143 104
143 105
143 106
143 107
143 108
143 109
143 110
143 111
143 112
143 113
143 114
143 115
143 116
143 117
143 118
143 119
143 120
143 121
143 122
143 123
143 124
143 125
143 126
143 127
143 128
143 129
143 130
143 131
143 132
143 133
143 134
143 135
143 136
143 137
143 138
143 139
143 140
143 141
144 1
144 2
144 3
144 4
144 5
144 6
144 7
144 8
144 9
144 10
144 11
144 12
144 13
144 14
144 15
144 16
144 17
144 18
144 19
144 20
144 21
144 22
144 23
144 24
144 25
144 26
144 27
144 28
144 29
144 30
144 31
144 32
144 33
144 34
144 35
144 36
144 37
144 38
144 39
144 40
144 41
144 42
144 43
144 44
144 45
144 46
144 47
144 48
144 49
144 50
144 51
144 52
144 53
144 54
144 55
144 56
144 57
144 58
144 59
144 60
144 61
144 62
144 63
144 64
144 65
144 66
144 67
144 68
144 69
144 70
144 71
144 72
144 73
144 74
144 75
144 76
144 77
144 78
144 79
144 80
144 81
144 82
144 83
144 84
144 85
144 86
144 87
144 88
144 89
144 90
144 91
144 92
144 93
144 94
144 95
144 96
144 97
144 98
144 99
144 100
144 101
144 102
144 103
144 104
144 105
144 106
144 107
144 108
144 109
144 110
144 111
144 112
144 113
144 114
144 115
144 116
144 117
144 118
144 119
144 120
144 121
144 122
144 123
144 124
144 125
144 126
144 127
144 128
144 129
144 130
144 131
144 132
144 133
144 134
144 135
144 136
144 137
144 138
144 139
144 140
144 141
144 142
145 1
145 2
145 3
145 4
145 5
145 6
145 7
145 8
145 9
145 10
145 11
145 12
145 13
145 14
145 15
145 16
145 17
145 18
145 19
145 20
145 21
145 22
145 23
145 24
145 25
145 26
145 27
145 28
145 29
145 30
145 31
145 32
145 33
145 34
145 35
145 36
145 37
145 38
145 39
145 40
145 41
145 42
145 43
145 44
145 45
145 46
145 47
145 48
145 49
145 50
145 51
145 52
145 53
145 54
145 55
145 56
145 57
145 58
145 59
145 60
145 61
145 62
145 63
145 64
145 65
145 66
145 67
145 68
145 69
145 70
145 71
145 72
145 73
145 74
145 75
145 76
145 77
145 78
145 79
145 80
145 81
145 82
145 83
145 84
145 85
145 86
145 87
145 88
145 89
145 90
145 91
145 92
145 93
145 94
145 95
145 96
145 97
145 98
145 99
145 100
145 101
145 102
145 103
145 104
145 105
145 106
145 107
145 108
145 109
145 110
145 111
145 112
145 113
145 114
145 115
145 116
145 117
145 118
145 119
145 120
145 121
145 122
145 123
145 124
145 125
145 126
145 127
145 128
145 129
145 130
145 131
145 132
145 133
145 134
145 135
145 136
145 137
145 138
145 139
145 140
145 141
145 142
145 143
146 1
146 2
146 3
146 4
146 5
146 6
146 7
146 8
146 9
146 10
146 11
146 12
146 13
146 14
146 15
146 16
146 17
146 18
146 19
146 20
146 21
146 22
146 23
146 24
146 25
146 26
146 27
146 28
146 29
146 30
146 31
146 32
146 33
146 34
146 35
146 36
146 37
146 38
146 39
146 40
146 41
146 42
146 43
146 44
146 45
146 46
146 47
146 48
146 49
146 50
146 51
146 52
146 53
146 54
146 55
146 56
146 57
146 58
146 59
146 60
146 61
146 62
146 63
146 64
146 65
146 66
146 67
146 68
146 69
146 70
146 71
146 72
146 73
146 74
146 75
146 76
146 77
146 78
146 79
146 80
146 81
146 82
146 83
146 84
146 85
146 86
146 87
146 88
146 89
146 90
146 91
146 92
146 93
146 94
146 95
146 96
146 97
146 98
146 99
146 100
146 101
146 102
146 103
146 104
146 105
146 106
146 107
146 108
146 109
146 110
146 111
146 112
146 113
146 114
146 115
146 116
146 117
146 118
146 119
146 120
146 121
146 122
146 123
146 124
146 125
146 126
146 127
146 128
146 129
146 130
146 131
146 132
146 133
146 134
146 135
146 136
146 137
146 138
146 139
146 140
146 141
146 142
146 143
146 144
147 1
147 2
147 3
147 4
147 5
147 6
147 7
147 8
147 9
147 10
147 11
147 12
147 13
147 14
147 15
147 16
147 17
147 18
147 19
147 20
147 21
147 22
147 23
147 24
147 25
147 26
147 27
147 28
147 29
147 30
147 31
147 32
147 33
147 34
147 35
147 36
147 37
147 38
147 39
147 40
147 41
147 42
147 43
147 44
147 45
147 46
147 47
147 48
147 49
147 50
147 51
147 52
147 53
147 54
147 55
147 56
147 57
147 58
147 59
147 60
147 61
147 62
147 63
147 64
147 65
147 66
147 67
147 68
147 69
147 70
147 71
147 72
147 73
147 74
147 75
147 76
147 77
147 78
147 79
147 80
147 81
147 82
147 83
147 84
147 85
147 86
147 87
147 88
147 89
147 90
147 91
147 92
147 93
147 94
147 95
147 96
147 97
147 98
147 99
147 100
147 101
147 102
147 103
147 104
147 105
147 106
147 107
147 108
147 109
147 110
147 111
147 112
147 113
147 114
147 115
147 116
147 117
147 118
147 119
147 120
147 121
147 122
147 123
147 124
147 125
147 126
147 127
147 128
147 129
147 130
147 131
147 132
147 133
147 134
147 135
147 136
147 137
147 138
147 139
147 140
147 141
147 142
147 143
147 144
147 145
148 1
148 2
148 3
148 4
148 5
148 6
148 7
148 8
148 9
148 10
148 11
148 12
148 13
148 14
148 15
148 16
148 17
148 18
148 19
148 20
148 21
148 22
148 23
148 24
148 25
148 26
148 27
148 28
148 29
148 30
148 31
148 32
148 33
148 34
148 35
148 36
148 37
148 38
148 39
148 40
148 41
148 42
148 43
148 44
148 45
148 46
148 47
148 48
148 49
148 50
148 51
148 52
148 53
148 54
148 55
148 56
148 57
148 58
148 59
148 60
148 61
148 62
148 63
148 64
148 65
148 66
148 67
148 68
148 69
148 70
148 71
148 72
148 73
148 74
148 75
148 76
148 77
148 78
148 79
148 80
148 81
148 82
148 83
148 84
148 85
148 86
148 87
148 88
148 89
148 90
148 91
148 92
148 93
148 94
148 95
148 96
148 97
148 98
148 99
148 100
148 101
148 102
148 103
148 104
148 105
148 106
148 107
148 108
148 109
148 110
148 111
148 112
148 113
148 114
148 115
148 116
148 117
148 118
148 119
148 120
148 121
148 122
148 123
148 124
148 125
148 126
148 127
148 128
148 129
148 130
148 131
148 132
148 133
148 134
148 135
148 136
148 137
148 138
148 139
148 140
148 141
148 142
148 143
148 144
148 145
148 146
149 1
149 2
149 3
149 4
149 5
149 6
149 7
149 8
149 9
149 10
149 11
149 12
149 13
149 14
149 15
149 16
149 17
149 18
149 19
149 20
149 21
149 22
149 23
149 24
149 25
149 26
149 27
149 28
149 29
149 30
149 31
149 32
149 33
149 34
149 35
149 36
149 37
149 38
149 39
149 40
149 41
149 42
149 43
149 44
149 45
149 46
149 47
149 48
149 49
149 50
149 51
149 52
149 53
149 54
149 55
149 56
149 57
149 58
149 59
149 60
149 61
149 62
149 63
149 64
149 65
149 66
149 67
149 68
149 69
149 70
149 71
149 72
149 73
149 74
149 75
149 76
149 77
149 78
149 79
149 80
149 81
149 82
149 83
149 84
149 85
149 86
149 87
149 88
149 89
149 90
149 91
149 92
149 93
149 94
149 95
149 96
149 97
149 98
149 99
149 100
149 101
149 102
149 103
149 104
149 105
149 106
149 107
149 108
149 109
149 110
149 111
149 112
149 113
149 114
149 115
149 116
149 117
149 118
149 119
149 120
149 121
149 122
149 123
149 124
149 125
149 126
149 127
149 128
149 129
149 130
149 131
149 132
149 133
149 134
149 135
149 136
149 137
149 138
149 139
149 140
149 141
149 142
149 143
149 144
149 145
149 146
149 147
150 1
150 2
150 3
150 4
150 5
150 6
150 7
150 8
150 9
150 10
150 11
150 12
150 13
150 14
150 15
150 16
150 17
150 18
150 19
150 20
150 21
150 22
150 23
150 24
150 25
150 26
150 27
150 28
150 29
150 30
150 31
150 32
150 33
150 34
150 35
150 36
150 37
150 38
150 39
150 40
150 41
150 42
150 43
150 44
150 45
150 46
150 47
150 48
150 49
150 50
150 51
150 52
150 53
150 54
150 55
150 56
150 57
150 58
150 59
150 60
150 61
150 62
150 63
150 64
150 65
150 66
150 67
150 68
150 69
150 70
150 71
150 72
150 73
150 74
150 75
150 76
150 77
150 78
150 79
150 80
150 81
150 82
150 83
150 84
150 85
150 86
150 87
150 88
150 89
150 90
150 91
150 92
150 93
150 94
150 95
150 96
150 97
150 98
150 99
150 100
150 101
150 102
150 103
150 104
150 105
150 106
150 107
150 108
150 109
150 110
150 111
150 112
150 113
150 114
150 115
150 116
150 117
150 118
150 119
150 120
150 121
150 122
150 123
150 124
150 125
150 126
150 127
150 128
150 129
150 130
150 131
150 132
150 133
150 134
150 135
150 136
150 137
150 138
150 139
150 140
150 141
150 142
150 143
150 144
150 145
150 146
150 147
150 148
