100 100
6056624 5997591 6387262 11303076 9127272 4427007 8344592 16909053 13718800 4156562 1658937 14409468 4590312 2571613 4442800 1811796 15784711 1685061 1646396 1497161 9678624 2428985 10830057 2116202 4585180 2864192 12593779 3587748 3953729 8656637 6073067 148380 19164230 5166854 283408 5196921 65579 546853 5864499 390025 4068739 8910868 1909951 8225375 11715955 2233639 2609827 928372 10817054 3636954 24214023 5156661 16077545 599583 15552412 147097 11883367 7966572 4418291 4068980 656561 17821161 1671257 9682159 5432270 5763430 5783088 11749298 2931927 24845002 5717178 2056404 2416647 19080476 1316387 3902594 7645028 21324 16728746 11462050 6621042 13887487 18559152 1993106 2478467 1577805 8776015 7761582 2482088 3000365 3903918 761027 7832204 4932655 17019515 8658091 2805642 1531980 19818486 1205934
2 100 100
2 65 89
2 94 94
2 74 97
2 97 99
1 12 1924797
2 94 97
2 45 62
1 41 11498606
2 85 98
2 39 39
1 49 6732532
2 48 96
1 92 768905
2 92 96
2 4 54
1 90 318448
1 25 6389826
2 35 63
2 47 68
1 96 7951763
1 76 1922676
1 66 19969813
2 53 90
1 1 11146646
1 29 4734721
2 44 81
2 1 52
1 4 2211606
2 9 81
2 20 59
1 42 61235
2 41 57
2 53 63
1 72 20446856
2 54 100
2 1 13
2 90 94
1 31 3486362
1 70 11455400
2 72 97
1 83 289098
2 25 27
2 69 75
1 84 4911540
2 72 84
1 66 10962524
2 26 69
1 33 3414739
1 15 1196119
2 52 97
2 52 88
1 81 21747745
1 83 523557
2 23 54
1 4 7818313
2 34 82
2 92 99
2 59 89
2 84 90
1 30 140399
2 87 93
1 44 1758805
2 23 91
2 100 100
2 52 66
2 95 98
2 47 83
2 100 100
1 25 8955347
2 76 83
1 20 5004815
2 42 72
1 43 1670156
2 79 81
2 4 56
1 98 2332467
2 68 75
2 85 99
1 67 1659751
1 53 20433641
1 51 1807748
2 77 85
1 32 1538013
1 88 14721779
1 37 12341409
2 80 97
2 62 66
1 21 4328159
2 51 62
2 100 100
1 21 10755779
2 24 51
1 72 74069
1 22 9510206
1 84 17940722
1 66 3519969
2 56 75
2 45 71
1 98 6303805

