100 100
713321 6959554 1563436 13663284 2514908 2638692 10423238 7984346 16189477 13233503 11586282 1191442 13415090 9077406 607154 12477463 5066680 1758439 3492512 11268359 543419 12146581 10063787 6659466 11908882 23905899 12409356 3500175 3384377 3457337 9615460 8476491 1390573 2028505 4709036 20390456 30001029 3883820 802271 8592023 7471176 142215 25905650 5207623 2487810 424598 633480 2171956 4100978 20805682 405885 896601 635768 18290357 8888919 1570201 10743574 20504644 8290718 4333101 26737030 9838928 7278193 9643086 28671111 13246019 5078805 396414 19014616 9473414 864169 3660155 1578551 26663388 8862664 4500423 2910920 874396 12671089 4496859 9203126 23409530 15457225 14166360 2459223 9285728 7561238 7306246 2089852 2020444 3489731 319543 2243568 7838769 15281790 1962936 8970590 891578 16730177 4842817
1 8 6698345
2 65 95
1 58 2602614
1 80 3137383
1 12 892796
2 25 57
1 86 21158238
1 77 6332311
1 45 2953644
2 83 87
1 11 7289818
1 96 1297520
2 8 52
1 72 22050103
2 38 58
1 32 6340859
2 49 62
2 56 72
2 52 85
1 3 2026385
1 31 6261742
1 52 6127129
1 93 6054424
1 34 2295512
1 46 13320937
2 92 99
1 88 15270268
1 59 19301069
1 53 6801984
2 87 89
2 96 98
2 97 100
2 86 88
2 58 62
2 25 54
1 49 17876399
2 21 59
2 57 74
1 83 4626367
2 79 92
2 65 78
1 52 18113660
2 88 88
2 82 96
1 86 9740970
2 28 65
1 11 6380932
2 94 98
1 58 10538009
2 2 63
2 29 39
2 92 95
2 85 100
1 99 15677669
1 46 29265386
2 74 74
2 73 95
2 46 50
2 49 74
2 72 81
2 63 99
1 100 17193263
2 13 100
2 58 83
1 57 9869861
2 65 79
1 33 7753774
1 39 17996598
2 15 45
2 81 90
1 66 1339738
2 75 85
1 72 4964661
1 71 1956260
1 2 9321448
2 29 98
1 53 5145404
1 99 3426856
1 78 10626177
1 38 15445942
2 63 96
1 23 27045405
2 18 51
1 57 3568295
2 31 42
1 4 5049866
1 88 4735426
1 87 6874800
1 57 10854036
1 41 11149520
2 35 91
1 4 3129554
1 88 12838132
1 46 13511069
1 86 234826
2 96 98
1 64 6784679
1 74 4074757
2 59 67
2 99 100


