102563
116097
123911
123911
132132
137644
137644
137644
146479
151209
152993
152993
166972
166972
166972
166972
178450
194860
194860
194860
222956
222956
252091
262954
289735
289735
303759
303759
325498
342265
342265
342265
351733
351733
390181
406890
406890
406890
434560
454866
454866
460116
468973
475365
475365
475365
477181
488151
491671
491671
496829
506405
537059
540280
540280
540280
540280
540280
558621
558621
560039
560039
560039
565015
565015
582422
583011
590464
640632
664668
664668
664668
674318
674318
674318
674318
674318
676647
678280
679564
679564
679564
679564
679564
679564
679564
705162
705162
705162
705162
705162
705162
705162
705162
716431
728828
747476
747476
748551
768086
772722
772722
774185
775409
805058
836254
836254
849574
849574
860183
866580
866580
872764
872764
872764
872764
872764
876527
876527
876527
876527
876527
876527
901632
907097
907097
907097
913224
960192
960192
960192
960192
1003628
1003628
1003628
1018352
1035035
1035035
1044477
1044477
1050992
1050992
1050992
1050992
1057031
1090964
1091831
1091831
1091831
1091831
1091831
1091831
1091831
1091831
1097511
1097511
1097511
1097511
1097511
1097511
1099189
1099189
1111516
1111516
1147420
1147420
1147420
1147420
1148322
1165608
1165608
1174261
1174261
1174261
1176832
1182050
1182050
1199171
1199171
1199171
1199171
1199171
1199171
1199171
1212536
1212536
1212536
1215927
1215927
1217367
1217367
1217367
1240370
1262067
1272178
1284432
1298521
1298521
1298521
1308369
1312676
1312676
1350872
1372801
1385004
1385004
1385004
1385004
1424169
1451906
1451906
1452188
1452188
1470569
1472016
1472016
1472016
1487852
1487852
1493713
1539717
1556848
1566189
1566189
1566189
1572866
1572866
1572866
1582554
1582554
1582889
1605213
1615219
1643501
1643501
1646817
1646817
1647203
1657603
1657603
1673815
1683208
1683208
1697036
1697036
1697036
1697036
1697036
1697036
1697036
1697036
1707657
1715690
1715690
1719306
1719306
1730930
1731716
1731716
1731716
1731716
1747697
1757613
1769973
1769973
1771885
1774603
1779122
1783953
1783953
1784753
1793991
1793991
1809085
1809085
1821029
1821029
1826520
1836299
1838591
1838591
1838591
1838591
1860005
1860005
1874562
1874562
1894022
1913064
1913064
1924954
1924954
1928495
1928495
1928495
1943092
1943092
1995842
2001722
2013362
2013362
2013362
2013362
2015443
2048722
2048722
2048722
2058009
2086613
2092644
2092644
2142465
2146326
2146326
2146326
2153694
2159970
2159970
2159970
2159970
2181378
2188532
2190603
2196537
2212206
2212206
2215095
2235196
2238593
2238593
2244229
2244229
2264153
2264153
2270266
2279934
2287072
2287072
2280155
2280155
2285975
2285975
2290776
2290776
2290776
2314336
2317790
2322344
2322344
2338685
2338685
2338685
2350700
2365242
2365242
2383933
2384080
2384080
2388601
2388601
2407590
2419308
2419308
2428050
2428050
2428050
2441816
2441816
2441816
2448094
2451331
2457208
2457208
2457208
2462023
2462023
2462023
2462023
2462023
2462023
2462023
2462023
2467859
2467859
2467859
2478610
2478610
2478610
2478610
2483860
2483860
2480377
2489484
2489484
2518269
2532409
2558845
2580565
2580565
2580565
2585533
2585533
2587310
2587310
2587920
2615333
2638938
2648732
2648732
2648732
2651350
2657041
2657041
2657041
2657041
2657041
2726148
2737956
2737956
2746114
2746114
2746114
2746865
2746865
2755818
2771410
2772659
2781367
2787313
2796183
2796183
2805067
2805067
2813131
2835176
2841610
2841610
2841610
2841610
2841610
2852758
2878408
2878408
2882965
2909949
2912748
2915316
2920272
2920272
2920272
2929082
2932986
2932986
2932986
2932986
2963248
2963248
3009227
3022415
3022415
3028840
3037829
3037829
3037829
3037829
3037829
3056540
3064521
3064521
3064521
3069857
3082573
3135246
3142887
3142887
3193973
3208447
3222256
3224392
3232034
3232034
3232034
3241734
3241957
3241957
3258723
3258723
3261791
3265859
3272665
3272665
3272665
3285726
3285726
3285726
3285726
3285726
3296328
3306270
3318896
3318896
3319503
3319503
3324554
3324554
3324554
3333090
3333090
3333090
3333090
3333090
3333090
3334010
3334010
3355232
3355232
3372612
3377093
3384743
3388530
3388530
3388530
3396364
3426170
3426170
3426170
3451518
3451518
3456776
3468186
3479794
3504479
3513730
3514309
3516361
3516361
3528354
3538889
3548759
3561980
3561980
3575505
3575505
3575505
3587098
3594438
3594438
3594438
3594438
3594438
3594438
3606797
3625891
3625891
3625891
3642612
3642612
3642612
3674722
3684875
3684875
3684875
3701903
3701903
3701903
3715483
3715483
3715483
3715483
3715483
3715483
3715483
3721375
3729979
3770447
3770447
3795441
3795441
3795441
3795441
3827624
3827624
3827624
3827624
3834503
3834503
3861626
3861626
3861626
3886918
3893032
3893032
3908565
3916021
3916021
3916021
3937316
3946005
3949460
3970456
4007459
4007673
4007673
4007673
4026170
4026170
4027279
4053375
4053375
4065288
4090654
4090654
4090654
4090654
4090654
4090654
4100845
4100845
4100845
4125025
4125025
4152739
4166780
4166780
4166780
4180274
4180274
4205070
4206450
4229079
4229079
4248429
4256124
4264791
4264791
4264791
4264791
4285391
4285391
4285391
4281024
4281024
4287600
4299121
4299121
4299121
4299121
4311213
4311213
4330473
4343394
4343394
4353381
4373126
4386122
4394261
4405494
4405494
4436066
4442004
4480750
4480750
4497938
4497938
4497938
4497938
4497938
4510399
4523646
4523646
4523646
4529912
4529912
4549452
4549452
4562141
4562141
4580296
4580296
4590409
4590409
4590409
4601866
4602205
4602205
4640738
4640738
4640738
4645666
4714940
4714940
4721399
4752535
4800832
4802335
4802418
4802418
4802418
4802418
4808850
4808850
4812520
4826324
4826324
4839559
4839559
4851400
4851844
4851844
4851844
4860768
4868415
4868415
4868415
4868415
4868415
4868415
4872906
4872906
4884701
4884701
4884701
4892344
4892344
4892344
4892344
4896202
4898834
4898834
4911501
4911501
4911501
4951393
4951393
4963324
4976175
4988271
4988271
4988271
5000235
5017175
5017175
5017175
5027669
5027669
5027669
5027669
5027669
5031648
5044186
5069756
5088604
5090336
5097143
5097143
5111311
5111311
5111311
5128289
5141924
5141924
5141924
5141924
5154741
5165441
5177909
5177909
5184951
5184951
5184951
5205805
5205805
5205805
5213318
5228487
5228487
5228487
5247303
5256860
5272425
5283259
5284161
5279621
5279621
5287797
5296903
5296903
5315439
5315439
5315439
5315439
5315439
5320300
5338082
5338082
5338082
5338082
5338082
5338714
5338714
5349757
5357144
5357144
5367307
5367307
5383985
5383985
5383985
5383985
5408293
5408293
5420572
5420572
5433410
5433410
5433410
5452391
5458578
5479099
5479099
5479099
5479099
5479099
5479099
5479099
5479099
5512576
5540952
5552451
5552451
5552451
5552451
5552451
5559626
5562945
5562945
5578673
5634630
5634630
5634630
5641918
5644633
5648095
5654132
5674867
5674867
5679081
5705743
5705743
5713238
5718596
5718596
5718596
5718596
5718596
5726020
5726020
5726020
5726020
5735117
5739715
5739715
5751765
5751765
5765103
5778820
5788651
5788651
5797777
5797777
5797777
5797777
5808476
5808658
5820589
5820589
5838709
5840772
5845883
5860341
5860341
5860341
5860341
5860341
5869239
5878001
5878001
5878001
5878001
5878001
5880073
5880073
5891265
5905032
5918891
5921036
5921036
5926283
5939254
5939254
5962645
5970197
5970197
5970197
5966972
5968267
5968267
5970647
5989852
5989852
6002296
6002296
6002296
6002296
6002296
6006979
6006979
6027201
6031425
6031425
6031425
6031425
6036499
6050640
6050640
6074680
6074680
6111376
6111483
6111483
6112987
6112987
6130566
6130566
6130566
6130566
6130566
6130566
6130566
6148901
6148901
6148901
6148901
6148901
6189050
6198254
6198254
6199664
6199664
6199664
6212357
6214927
6235324
6235324
6235324
6235324
6235324
6237381
6242538
6284432
6284432
6298314
6308117
6308117
6325421
6326250
6326250
6371335
6371335
6384902
6395197
6395197
6396155
6396155
6402824
6438294
6438294
6443082
6448760
6448760
6466644
6466644
6466644
6466644
6466644
6485868
6485868
6485868
6485868
6481513
6481513
6481513
6510462
6520229
6538363
6538363
6551095
6551095
6551095
6551095
6567296
6572712
6572712
6587279
6600206
6600206
6607708
6620846
6620846
6620846
6628849
6628849
6628849
6632841
6658850
6658850
6658850
6658850
6680847
6680847
6680847
6694409
6721381
6721381
6734841
6762242
6762242
6762242
6783928
6783928
6831655
6837891
6825410
6825410
6834779
6834779
6836640
6836640
6836640
6836640
6836640
6873008
6870338
6870338
6866291
6879301
6879301
6879301
6879301
6888923
6888923
6894824
6907917
6907917
6907917
6920466
6920466
6920466
6920466
6931692
6931692
6939033
6939033
6939033
6939033
6952596
6952596
6963159
6963159
6963159
6981412
6981412
6981412
6983359
6983359
6991195
6991195
7002929
7002929
7002929
7010909
7010909
7010909
7018918
7018918
7030972
7030972
7030972
7038911
7038911
7038911
7052001
7052001
7055873
7063599
7063599
7064633
7064633
7073147
7078165
7078165
7078165
7084348
7084348
7084348
7098306
7098306
7098306
7103825
7104690
7119885
7145410
7145410
7170013
7178709
7197009
7197009
7197009
7203560
7203560
7214054
7217558
7217558
7223624
7226710
7253316
7253316
7267451
7266425
7273882
7273882
7273882
7273882
7275670
7275670
7307336
7312779
7312779
7319391
7319391
7319391
7319391
7319391
7319391
7319391
7329045
7329045
7329045
7329045
7329045
7329045
7340121
7358885
7376624
7396011
7396011
7397591
7397591
7397591
7403773
7434432
7434432
7445085
7445085
7445085
7445085
7445085
7445085
7446591
7465237
7472079
7474332
7479364
7479364
7479364
7493272
7499437
7499437
7503020
7503020
7515654
7515654
7520026
7520026
7520026
7520463
7520463
7520463
7520463
7520463
7533238
7533238
7536281
7541335
7555191
7560775
7574329
7589904
7597850
7614993
7628650
7635731
7635731
7635731
7635731
7635731
71220
7644203
7644203
7654951
7654951
7670904
7678973
7686487
7686487
7686487
7686487
7686487
7686487
7708631
7708631
7717927
7751030
7754918
7754918
7754918
7758753
7758753
7758753
7765855
7774583
7774583
7787730
7810518
7810518
7810518
7826120
7826120
7832697
7841260
7841260
7841260
7847648
7847648
7847648
7847648
7851168
7851168
7851168
7851168
7872422
7872422
7881732
7881732
7909690
7911780
7942886
7942886
7954655
7954655
7971871
7976566
7976566
7990351
7992361
7997477
8001765
8001765
8009171
8009171
8009171
8009171
8022254
8022254
8028875
8059373
8062100
8062100
8074942
8088988
8093873
8105878
8105878
8105878
8105878
8105878
8112997
8112997
8112997
8121598
8121598
8121598
8121598
8121598
8136444
8136444
8136444
8136444
8155990
8156758
8156758
8156758
8156758
8175325
8190590
8212874
8212874
8222116
8227751
8227751
8251024
8251024
8274626
8287935
8298644
8304477
8304477
8304477
8317796
8317796
8317796
8317796
8318835
8318835
8334478
8334478
8345592
8345592
8354822
8354822
8332943
8354020
8388879
8397693
8397693
8397693
8408911
8408911
8408911
8418890
8412642
8412642
8412642
8412642
8412642
8416578
8420282
8427591
8427591
8427591
8438340
8430237
8425494
8425494
8430956
8434839
8437521
8458920
8458920
8480913
8480913
8480913
8480913
8491669
8491669
8491669
8491669
8494609
8505747
8514386
8521784
8539252
8571405
8573099
8584580
8617937
8617937
8617937
8625798
8625798
8630193
8642503
8642503
8642503
8649541
8649640
8659443
8667992
8676491
8675956
8675956
8681081
8681081
8681081
8682047
8682047
8682047
8682047
8695442
8701714
8697066
8697066
8707482
8721033
8721033
8734064
8736585
8736585
8736585
8743412
8754277
8756895
8756895
8775215
8775215
8775215
8786043
8786043
8791281
8791281
8791281
8800212
8800987
8812519
8812519
8825427
8833936
8848103
8848103
8875936
8885733
8885733
8897158
8897158
8903560
8903560
8903560
8903560
8919790
8930571
8930571
8934553
8934553
8966670
8966670
8966670
8966670
8966670
8973049
8973049
255161
9003173
9003173
9020098
9020098
9020098
9058483
9058483
9058483
9081361
9081361
9081361
1810904
9088690
9091651
9096792
9110467
9110467
9110467
9110467
9110467
9110467
9110467
9110467
9110467
9111151
9138192
9138192
9138192
9162813
9208355
9208355
9223356
9238195
9238382
9248859
9248859
9248859
9248859
9250073
9255220
9255220
9255220
9260188
9260188
9260188
9260188
9271449
9275828
9318406
9318406
9318406
9318406
9327219
9327219
9341121
9375748
9375748
9375748
9375748
9375748
9388530
9399951
9399951
9399951
9401117
9412192
9412192
9412192
9421758
9425101
9425101
9429386
9452265
9462523
9488174
9488174
9488174
9488174
9488174
9497665
9497665
9506069
9557486
9566390
9577579
9577579
9587632
9597719
9606346
9623221
9649173
9672685
9684312
9684312
9684312
9701537
9715228
9725338
9739023
9803223
9799559
9799559
9799559
9799559
9819238
9819238
9819238
9819238
9830854
9841691
9841691
9841691
9858357
9862978
9862978
9861901
9879349
9879349
9894027
9894027
9915143
9929446
9929446
9929446
9947526
9950800
9950800
9961300
9961300
9981286
9988200
9988200
9988200
10006258
10022846
10030219
10030219
10030219
10031797
10031797
10053359
10053359
10066493
10066493
10091888
10091888
10093112
10109509
10109509
10149091
10173632
10180494
10180494
10187839
10187839
10194268
10225267
10250381
10272383
10272383
10272383
10272383
10272383
10272383
10272383
10272383
10272383
10298955
10298955
10298955
10298955
10294719
10294719
10294719
10294719
10310919
10310919
10310919
10310919
10324835
10347851
10347851
10347851
10361661
10367202
10367202
10367202
10375678
10386831
10440985
10440985
10451773
10451773
10453217
10453217
10476906
10476906
10476906
10476906
10476906
10480461
10484217
10484217
10484217
10484217
10472102
10472102
10501779
10513378
10523810
10527683
10540552
10540552
10540552
10541778
10555142
10562265
10562265
10591760
10594885
10605228
10605228
10605228
10605228
10614126
10614126
10614126
10614126
10623857
10622261
10622261
10622261
10622261
10622261
10632340
10632340
10641800
10647554
10656257
10656257
10664571
10664571
10671051
10671051
10671051
10671983
10671983
10671983
10684354
10706960
10708625
10708625
10724493
10724493
10724493
10765522
10765522
10774683
10791928
10794769
10794769
10804501
10804501
10812445
10822172
10846781
10846781
10852783
10856286
10856286
10856286
10856286
10864871
10886206
10886206
10886206
10886206
10908880
10932371
10941851
10941851
10949054
10960771
10960771
10966756
10966756
10974837
10974837
10986588
10986588
10982048
11009197
11009197
11009197
11015328
11015328
11015328
11018358
11018358
11025462
11046923
11046923
11046923
11058671
11073409
11073409
11093777
11118825
11118825
11118825
11131748
11136006
11158974
11158974
11165950
11185645
11206068
11206068
11207942
11209612
11211143
11211143
11230934
11230934
11230934
11230934
11277079
11277079
11277079
11282024
11284947
11294727
11315647
11315647
11315647
11317310
11317310
11317310
11317310
11317310
11317310
11317310
11317310
11317310
11317310
11317310
11347942
11347942
11355035
11362999
11362999
11365473
11365473
11370115
11370115
11385643
11385643
11385643
11399614
11399614
11397393
11397393
11397393
11408584
11413437
11437962
11437962
11426390
11426390
11426390
11460021
11460021
11460021
11471156
11486990
11486990
11486990
11486990
11486990
11486990
11494611
11504772
11504772
11516570
11516570
11516570
11516570
11520802
11547889
11547889
11547889
11556488
11556488
11567577
11587057
11596524
11642417
11648853
11648853
11650498
11650498
11662633
11678789
11678789
11679499
11683016
11683016
11683016
11698438
11698438
11700461
11719266
11721673
11728647
11728647
11728647
11728647
11728647
11728647
11728647
11735401
11746225
11746225
11756140
11756140
11767869
11779545
11779545
11787108
11793557
11805066
11809256
11809256
11809256
11841559
11866886
11876835
11876835
11876835
11876835
11876835
11876835
11886496
11902266
11912027
11912027
11912027
11925565
11926071
11932130
11953934
11958000
11958000
11969652
11970322
12005396
12005396
12005396
12005396
12005396
12019660
12030201
12060766
12060766
12082851
12087102
12130789
12130789
12130789
12134136
12138031
12157501
12170887
12170887
12170887
12170887
12170887
12170887
12170887
12166254
12175436
12182947
12213166
12213166
12230322
12230322
12244104
12244104
12244104
12251411
12251411
12251411
12251411
12257305
12280630
12281596
12281596
12281596
12281596
12281596
12281596
12281596
12281596
12288458
12289650
12294931
12302453
12302453
12302453
12299809
12299809
12299809
12299809
12299809
12302010
12318796
12323880
12323880
12324273
12336781
12336781
12338478
12347599
12355413
12355413
12363550
12363550
12374226
12387632
12407285
12407285
12407285
12417220
12417220
12413484
12413484
12413484
12413484
12414198
12414198
12440551
12440551
12440551
12440551
12440551
12440551
12449323
12449323
12449323
12449323
12449323
12479201
12503728
12503728
12503943
12510638
12510638
12510638
12510638
12515025
12527428
12538110
12546137
12551089
12553474
12553474
12553474
12553474
12553474
12553474
12565204
12576869
12579114
12579114
12579114
12579114
12579114
12586759
12586759
12578896
12578896
12599500
12606112
12607942
12607942
12607942
12619242
12652032
12652032
12653618
12653618
12656228
12668606
12667232
12691506
12698598
12703741
12703741
12712281
12712281
12704801
12737767
12737767
12769036
12769036
12769036
12773216
12779407
12812967
12812967
12822423
12841828
12844264
12844264
12844264
12844264
12866147
12874930
12890706
12891948
12891948
12894401
12896840
12928219
12928219
12928219
12954668
12954668
12977024
12977024
12978701
12984239
13018996
13025233
13025233
13027643
13027643
13027643
13064163
13075648
13075648
13075648
13075648
13096252
13096252
13096252
13107502
13116899
13140017
13145894
13147924
13164913
13164913
13195663
13228647
13236805
13236805
13261529
13261529
13266640
13266640
13266640
13276955
13288618
13288618
13288618
13301291
13307073
13307073
13307073
13307073
13308699
13315139
13336958
13336958
13336958
13346479
13364194
13364194
13377737
13377737
13404854
13404854
13419809
13443643
13455268
13455268
13455268
13455268
13470700
13480148
13480148
13485238
13497078
13497078
13497078
13497078
13509590
13522341
13522341
13522341
13522341
13522341
13536388
13526493
13526493
13523732
13523732
13523732
13523732
13513719
13515998
13515998
13554217
13573646
13574820
13574820
13586266
13586266
13591039
13593963
13593963
13605073
13618494
13618494
13632105
13632105
13636041
13636041
13655959
13655959
13664968
13664968
13664968
13664968
13675199
13688479
13707188
13722122
13722122
13722122
13722122
13739214
13754710
13760389
13760389
13760389
13796690
13810529
13810529
13813748
13812424
13812424
13819571
13833380
13862079
13862079
13862079
13862852
13888198
13922401
13922401
13922401
13941825
13946095
13974770
13988986
13988986
13988986
13981256
13981256
13981256
13981256
13991837
13991837
13995787
14025896
14025896
14025896
14055304
14055304
14055304
14055304
14055304
14055304
14057871
14069445
14069445
14069445
14069445
14100776
14103088
14103088
14120396
14122821
14122821
14131807
14131807
14131807
14136688
14136688
14156890
14156890
14149218
14154063
14154063
14171003
14192131
14205665
14205665
14207778
14207778
14207778
14232417
14232531
14232531
14236278
14231580
14231580
14231583
14231583
14259778
14261215
14261215
14270454
14272392
14280822
14280822
14282227
14298497
14298497
14298497
14299975
14307255
14307255
14307255
14308976
14308976
14308976
14308976
14371687
14371687
14396727
14396727
14396727
14396727
14410617
14410617
14405325
14405325
14405325
14405325
14426934
14426934
14426934
14426934
14426934
14448253
14470027
14470027
14463556
14463556
14463556
14463556
14468343
14468343
14468343
14482470
14563360
14576356
