5
10
2 1
3 2
4 3
5 2
6 4
7 5
8 1
9 1
10 4
10
1 6 2 8
3 3 4 9 6 4 1
2 7
3 9 3 10 6 4
3 3 4 4 7 10 5
1 3 2 2
1 9 9 9
2 6
3 10 3 1 6 5
3 6 4 10 3 4 2
10
2 1
3 1
4 2
5 2
6 3
7 5
8 7
9 1
10 1
10
1 7 2 10
3 6 1 10
3 3 3 1 8 6
1 7 2 6
1 4 1 4
1 6 4 6
2 2
2 6
1 4 3 7
1 7 1 2
10
2 1
3 2
4 3
5 3
6 4
7 6
8 2
9 5
10 4
10
1 4 8 9
1 10 2 5
1 5 5 6
2 3
2 3
3 2 3 8 9 7
2 8
1 8 4 7
3 1 2 7 4
2 7
10
2 1
3 2
4 2
5 3
6 4
7 5
8 4
9 6
10 4
10
2 10
3 3 3 1 4 6
2 4
1 4 4 8
1 7 1 9
1 7 1 5
2 6
3 4 4 1 4 10 10
2 8
2 7
10
2 1
3 1
4 2
5 1
6 5
7 4
8 7
9 4
10 3
10
3 9 1 3
1 6 2 7
3 4 1 5
1 1 2 5
1 6 5 7
3 5 5 5 9 7 6 2
2 9
2 9
3 8 4 7 3 7 1
3 3 3 7 9 9
