88 5 10000 
1 13 
2 97 
3 54 
4 84 
5 61 
6 29 
7 11 
8 50 
9 36 
10 69 
11 95 
12 41 
13 77 
14 93 
15 57 
16 18 
17 38 
18 90 
19 2 
20 24 
21 72 
22 2 
23 36 
24 100 
25 57 
26 7 
27 49 
28 27 
29 87 
30 45 
31 20 
32 92 
33 53 
34 31 
35 16 
36 65 
37 23 
38 87 
39 53 
40 28 
41 29 
42 96 
43 73 
44 83 
45 61 
46 100 
47 46 
48 74 
49 48 
50 53 
51 64 
52 62 
53 78 
54 85 
55 75 
56 11 
57 45 
58 41 
59 30 
60 10 
61 64 
62 12 
63 93 
64 53 
65 50 
66 53 
67 13 
68 22 
69 70 
70 63 
71 42 
72 38 
73 9 
74 36 
75 81 
76 49 
77 45 
78 45 
79 43 
80 16 
81 36 
82 57 
83 47 
84 92 
85 15 
86 73 
87 30 
88 59 
