10
8
1000000 497913 696379 741887 778948 865099 810076 156680
20
1000000 418510 911636 943618 132818 630283 198296 294673 749799 89354 137567 432552 197906 356339 5259 661922 404005 877400 100062 118746
4
1000000 152683 600074 248205
7
1000000 10711 653945 877070 768618 909575 362709
13
1000000 735702 574171 830445 322675 342723 940026 254842 871943 88486 15381 304734 704756
8
1000000 662018 494196 568227 252730 116216 813027 623637
8
1000000 194614 736645 234550 585539 802713 210127 68082
11
1000000 732261 161161 739338 949045 68675 429316 881219 86395 716189 613450
16
1000000 644240 102781 821083 486682 214672 891169 559434 109589 231626 456068 115150 859694 480659 639207 61178
19
1000000 274875 289860 43568 851079 475839 21837 923200 161671 46450 358595 268933 586474 210505 456538 904195 298962 533711 958278
