2
1500 1500 1500
755 1072 10
860 1078 10
204 958 10
336 737 10
581 1334 10
202 1082 10
326 1107 10
206 1434 10
305 406 2
188 481 10
950 1278 10
504 1108 10
324 1018 10
1158 1274 10
436 1138 10
1049 1477 10
501 772 10
304 1462 10
310 948 10
315 579 3
1222 1412 10
226 1232 10
1148 1259 10
930 1158 10
778 1367 10
281 1305 10
420 587 10
150 450 10
1345 1380 10
534 593 10
607 1023 10
218 1437 10
1100 1114 10
167 391 10
4 374 10
35 645 10
226 1123 10
171 578 10
387 912 10
240 1287 10
134 220 10
497 738 10
583 658 10
532 549 10
471 867 10
477 492 10
16 1186 10
429 664 0
15 935 10
236 1200 10
753 1315 10
500 770 10
146 926 10
931 994 10
891 1317 10
197 652 8
394 668 10
243 1009 10
589 624 8
315 481 10
716 913 10
1043 1055 5
146 687 10
310 634 10
669 1278 10
1128 1176 10
316 425 10
1001 1160 10
747 1221 10
724 897 10
690 1108 10
115 582 10
827 859 8
7 894 10
731 1271 10
521 1459 10
940 983 10
86 1489 10
916 1278 10
323 1441 10
456 540 10
1426 1482 4
625 1056 10
623 939 10
201 841 10
1018 1486 10
125 582 4
903 1490 10
808 1464 10
557 798 10
634 1305 10
529 764 10
856 1362 10
597 1298 10
1053 1055 2
6 546 10
94 1014 10
326 1048 10
507 1455 10
1191 1389 10
113 1443 10
384 1099 10
996 1314 10
327 808 10
730 1260 10
730 1119 10
334 896 10
125 1495 10
1197 1414 10
327 972 10
138 851 10
729 1157 10
327 398 10
335 1240 10
693 742 10
892 973 10
1295 1407 10
482 1434 10
179 712 10
355 901 10
24 900 10
277 829 10
45 961 10
1101 1245 10
1169 1356 10
1064 1130 10
182 921 8
1224 1462 10
872 1131 10
209 683 10
58 743 10
241 395 10
694 1117 10
174 818 10
1311 1490 10
619 929 10
365 604 10
580 892 10
53 1485 10
176 913 10
678 988 8
715 1497 10
481 1335 10
182 183 0
567 892 10
952 1330 10
323 325 1
542 1022 10
659 1132 10
1144 1330 10
227 349 10
330 1489 10
116 472 10
430 1415 10
787 981 10
69 677 10
2 253 10
807 1466 10
820 1382 10
464 1310 10
22 1163 10
1041 1162 7
1055 1253 10
273 1132 10
1159 1460 10
285 528 10
483 1241 6
360 574 10
1175 1447 10
256 1377 10
606 1281 10
1253 1317 10
884 1338 10
1013 1316 10
232 649 10
438 878 10
140 268 10
1119 1389 10
345 863 10
207 999 10
106 360 10
408 1280 10
71 750 10
211 578 10
417 1051 10
290 1136 10
295 881 10
1208 1226 10
205 1297 10
95 133 10
110 1129 10
445 1354 10
781 871 10
989 1037 10
578 1428 10
794 1029 10
1000 1356 10
531 1009 10
145 154 3
813 1147 10
90 152 10
209 1286 10
251 891 10
518 1376 10
336 1079 10
430 650 10
6 578 10
73 1490 10
702 827 10
643 1321 10
546 1325 10
94 653 10
641 1391 10
24 54 10
1010 1444 10
214 775 10
478 1035 10
596 690 10
269 1184 10
1121 1249 10
105 729 0
996 1193 10
76 732 10
763 1388 10
220 329 10
275 544 10
100 1291 10
46 624 10
621 1131 10
577 1258 10
344 663 10
370 805 10
205 863 10
781 1048 10
453 1254 10
415 887 10
729 1200 10
444 1487 10
806 1289 10
328 1282 10
91 593 10
41 1046 10
243 871 10
761 1211 10
281 703 10
435 476 8
1 967 10
1286 1409 10
191 1464 10
18 609 10
769 991 10
1179 1428 10
125 1029 10
525 748 10
13 273 10
461 1135 10
637 1141 10
123 1434 10
660 1344 10
548 746 10
1325 1476 10
74 314 10
789 832 10
1015 1303 10
944 1389 5
463 578 10
641 902 10
103 1165 10
273 462 10
35 968 10
743 1213 10
947 1472 10
886 1367 10
273 1230 10
123 1064 10
684 946 10
487 1083 10
448 1205 10
1031 1041 1
43 458 10
157 362 10
154 283 10
443 655 10
71 884 10
589 608 4
713 1497 10
997 1059 10
245 802 10
207 911 10
9 285 10
341 410 10
28 1463 10
1109 1379 10
567 1024 10
453 1357 10
917 993 10
588 815 10
489 998 10
696 1178 10
85 1303 10
247 902 10
763 1110 10
69 814 10
957 1043 10
653 783 10
968 1500 10
374 1181 10
395 452 10
781 1059 10
531 1435 10
355 1321 10
428 1098 10
116 805 10
356 1137 10
193 930 10
59 954 10
1006 1078 10
1020 1427 10
840 1434 6
511 766 10
154 1175 10
30 1269 10
1148 1352 10
964 993 7
509 593 10
387 1146 10
614 678 10
1214 1438 10
878 1343 10
779 1264 10
513 617 10
1062 1381 10
956 1112 10
609 860 10
346 902 10
387 929 10
310 726 10
427 1157 10
627 1222 10
474 614 10
314 1465 10
449 521 10
697 714 0
624 869 10
1058 1298 10
322 446 10
125 851 10
619 670 10
219 557 10
859 1078 9
552 977 10
1161 1450 10
537 1121 10
790 1097 10
900 1265 10
483 599 10
144 710 10
401 1092 10
1052 1289 1
653 679 10
1052 1063 9
747 1048 10
224 1433 10
702 1204 10
78 1473 10
367 841 8
93 476 10
379 1126 10
262 1354 10
259 1079 10
584 1405 10
687 1499 10
413 1172 10
12 213 10
263 1240 10
626 1017 10
43 961 10
108 1041 10
1214 1480 10
377 583 8
248 298 10
79 1176 10
529 965 10
215 972 10
105 386 10
510 1487 10
666 1428 10
677 1295 10
402 856 10
471 1220 10
972 1153 10
447 1202 10
279 621 10
128 510 10
593 696 10
353 746 10
230 335 10
453 1348 10
676 814 10
771 1461 10
71 772 10
591 1487 10
610 778 10
118 893 10
423 1116 10
881 1197 10
922 1360 10
917 1482 10
1113 1169 10
16 952 10
2 1282 10
673 1476 10
249 623 10
223 600 10
156 392 10
632 920 10
618 1379 10
168 618 10
647 774 10
1287 1385 10
1274 1493 8
389 804 10
1279 1474 10
686 727 10
347 633 10
130 184 10
1013 1081 10
483 832 10
1061 1140 10
322 927 1
659 1070 10
926 1024 10
222 1312 10
166 204 0
587 966 10
437 804 10
966 1162 10
1321 1483 10
813 1309 10
842 1102 10
628 1268 10
802 912 10
463 1457 10
14 68 10
408 1405 10
686 964 10
146 1033 10
843 1204 10
498 1366 10
709 1348 10
333 1334 10
151 428 10
890 1000 10
643 1030 10
332 907 10
1173 1264 10
645 781 10
395 526 10
796 961 10
31 861 10
182 1435 10
889 943 10
5 748 10
185 381 10
609 1007 10
543 930 10
311 1366 10
127 646 7
532 654 10
79 1326 10
122 1049 10
317 1197 10
47 1305 10
699 1343 10
249 1174 10
607 1482 10
259 387 10
244 362 4
774 1289 10
982 1085 10
939 1392 10
283 395 10
741 1500 10
933 1140 10
562 1375 10
273 577 10
1057 1161 10
157 1368 10
134 1127 10
181 1408 10
855 1373 10
141 905 10
57 1176 10
155 807 10
576 1153 10
15 1164 10
863 1309 10
451 1179 10
1205 1394 10
330 878 10
261 1279 10
251 839 10
499 1254 10
175 287 10
1212 1285 10
70 251 10
290 1156 0
30 861 10
640 1156 10
397 1060 10
121 654 10
327 482 0
131 164 4
1066 1281 10
239 1394 10
492 1128 10
194 976 10
497 536 10
191 1495 10
51 119 10
930 953 10
483 1494 10
170 260 10
156 183 10
500 868 10
375 1186 10
139 172 1
123 769 10
647 1084 10
481 1142 10
561 1221 10
618 933 10
1066 1384 10
305 1062 10
414 824 10
70 629 10
298 1038 10
263 777 10
811 1151 10
861 1334 10
808 1156 10
1019 1447 10
37 1483 10
1172 1317 10
1223 1254 10
255 413 6
460 1351 10
701 1183 10
255 1319 10
313 1397 10
173 1349 10
494 681 10
1051 1448 10
473 1066 10
455 763 10
197 235 3
70 1118 10
999 1028 2
132 325 10
171 1434 10
217 798 10
207 1319 10
349 498 10
880 956 10
485 588 10
1019 1222 10
513 763 10
665 1127 10
252 1273 10
704 1017 10
572 1307 10
195 406 10
363 740 10
490 1043 10
36 391 10
1171 1225 10
206 1181 10
904 1429 10
288 445 10
989 1354 10
484 883 10
737 1472 10
504 1195 10
911 967 10
68 575 10
650 884 10
1094 1145 10
454 1305 10
302 1433 10
738 1174 10
889 1067 10
427 561 10
243 1066 10
272 284 10
150 821 10
682 1229 10
321 1075 10
606 1408 10
195 429 10
794 1171 10
207 1155 10
953 1243 10
274 315 10
549 1408 10
252 823 10
1147 1478 10
423 989 10
469 752 10
944 1299 10
194 1215 10
462 1140 10
843 1439 10
337 1114 10
457 604 10
369 438 1
1270 1394 10
173 964 10
823 942 10
880 1050 10
152 601 10
86 413 10
672 1340 10
1028 1214 10
64 1186 10
780 1306 10
725 1101 10
904 1294 10
247 304 10
420 504 10
373 650 10
529 1347 10
437 881 10
610 1241 10
248 1452 10
110 460 10
300 1294 10
561 651 10
3 478 10
33 85 10
797 1075 10
13 554 10
225 1274 10
847 1217 10
827 1472 10
975 1141 8
1029 1169 10
895 1454 10
140 1424 10
1359 1386 5
700 873 10
877 985 1
332 833 10
835 1265 10
734 946 10
553 835 10
164 396 10
569 1387 10
101 860 10
318 494 10
552 751 10
649 710 10
788 1368 10
457 937 10
547 816 10
314 473 10
1304 1433 10
180 1021 10
1070 1111 10
782 1447 10
163 1287 10
345 1189 10
155 431 10
811 958 10
682 1454 10
632 1384 10
894 981 10
538 1253 10
416 826 10
276 497 10
80 588 10
469 732 10
561 569 8
354 862 10
789 1410 10
289 1350 10
264 317 1
347 1172 10
280 1483 10
291 1335 10
390 494 10
784 1285 10
97 966 10
156 550 10
1057 1431 10
1041 1120 10
876 1068 10
120 278 10
593 1092 10
1140 1361 10
38 1311 10
607 956 10
77 1353 10
551 632 10
493 1418 10
475 1497 10
1079 1343 10
678 939 10
44 1296 10
54 1402 10
501 1255 10
1054 1216 10
391 920 10
394 1357 10
107 975 10
1008 1113 6
634 1243 10
767 1241 10
231 1171 10
359 566 10
728 940 10
1190 1330 10
937 1258 10
377 740 10
472 1291 10
153 491 10
766 1131 10
138 207 10
146 721 10
488 996 10
100 498 10
443 1214 10
242 788 10
773 840 10
96 102 6
1171 1328 10
190 288 10
645 1343 10
514 1224 10
210 1043 10
155 1262 10
252 1040 10
30 389 10
353 637 10
358 1137 10
551 726 10
1165 1399 10
596 980 10
1290 1339 10
426 598 10
680 695 10
290 1351 10
1108 1133 10
405 1422 10
63 824 10
169 490 10
903 1137 10
1183 1256 10
877 878 0
210 1301 10
246 496 10
85 157 10
144 813 10
321 926 10
1461 1496 3
440 930 10
536 1331 10
335 698 10
155 1426 10
538 1015 10
491 534 10
317 365 5
397 434 10
1082 1161 10
780 1346 10
842 1262 10
41 106 10
726 1314 10
44 1182 10
27 1228 10
1261 1316 10
525 772 10
31 1045 10
282 1013 10
192 1316 10
230 615 10
264 1220 10
127 1073 10
19 1007 10
275 1362 10
651 906 10
867 1045 10
252 373 10
1043 1070 10
94 370 10
392 885 10
370 967 10
137 688 10
789 1256 10
522 702 10
604 1183 10
403 1053 10
658 1271 10
338 585 10
1097 1470 10
564 647 10
493 814 10
753 888 10
524 672 2
487 539 10
588 1244 10
780 838 10
1010 1288 10
511 801 10
690 1230 10
1241 1365 10
1395 1481 10
633 921 10
219 455 3
333 1485 10
8 253 10
305 876 10
633 1121 10
73 681 10
53 285 10
23 268 10
420 966 10
463 677 10
245 272 9
37 169 10
757 790 10
130 1416 10
963 1178 10
86 236 10
237 543 10
134 544 10
41 855 10
1004 1413 10
395 1191 10
556 1363 10
370 1406 10
766 952 10
1149 1458 10
8 1339 10
468 654 10
212 859 10
774 1293 10
1124 1220 10
1035 1065 10
1276 1493 10
112 580 10
618 1121 10
894 1332 10
20 729 10
321 526 10
961 1332 10
516 1469 10
585 1299 10
338 513 10
109 1367 10
1339 1458 8
577 1166 10
105 254 10
62 239 10
295 1260 10
766 822 10
1322 1433 10
61 112 10
1013 1074 10
445 688 10
406 510 10
857 1389 10
168 1223 10
525 1202 10
118 439 10
185 431 10
809 985 10
373 836 10
62 928 10
789 898 1
1165 1235 10
359 586 10
493 706 10
922 952 10
635 1074 10
652 994 10
728 949 10
67 884 10
163 682 10
749 1265 10
413 941 10
23 348 10
121 1319 10
603 882 10
278 1413 10
853 1459 10
1003 1362 10
75 1491 10
477 1183 10
780 1232 10
391 427 10
279 1150 10
478 1295 10
345 1382 10
189 272 10
141 648 10
902 1374 10
899 1273 10
109 934 10
552 1478 10
237 664 10
3 566 10
411 665 10
129 322 10
358 1449 10
1060 1235 10
925 1225 10
191 363 10
250 947 10
636 1314 10
511 785 10
180 1362 10
374 1407 10
122 1230 10
435 828 10
1392 1484 10
434 819 10
2 1075 10
1080 1303 10
833 876 3
699 1114 10
405 1298 10
814 1466 10
845 1461 10
450 499 10
359 1014 10
589 1317 10
47 1052 10
891 1033 10
435 550 10
1349 1483 2
248 1228 10
525 1446 10
657 1430 10
477 1086 10
371 1493 10
617 1068 10
747 1312 10
187 456 10
441 452 0
419 1482 10
135 716 10
320 377 3
177 908 10
335 379 10
371 517 10
265 1379 10
380 381 2
6 740 10
1195 1222 5
184 414 10
549 910 10
419 1306 10
143 327 10
1119 1186 10
343 609 10
392 672 10
245 1060 10
110 232 10
148 632 10
1002 1357 10
122 1034 10
183 386 10
1396 1469 2
518 1057 10
384 749 10
680 959 10
115 761 10
526 1453 10
584 599 10
846 1321 10
30 1026 10
673 834 10
919 1375 10
727 1245 10
1021 1077 10
1036 1038 2
507 749 10
568 1357 10
527 1033 10
190 308 0
310 1408 10
742 1321 10
135 791 10
1096 1193 10
72 1051 10
144 837 10
29 892 10
446 1055 10
938 1471 10
47 1074 10
183 470 10
780 1466 10
404 961 10
209 1219 10
658 779 10
266 872 10
837 1181 10
449 685 3
930 1065 10
866 1276 10
462 665 10
404 1097 10
2 976 10
326 557 10
850 1412 10
618 1149 10
326 654 10
1309 1395 10
470 1412 10
755 869 10
1327 1417 10
520 1459 10
554 1278 10
117 1269 10
135 1368 10
22 871 10
393 1394 10
926 1245 10
932 1336 10
1332 1356 10
220 945 10
226 319 10
123 430 10
496 898 10
661 774 10
451 688 10
659 1482 10
308 515 10
1442 1477 10
926 1198 10
698 1246 10
678 1464 10
1 89 10
538 1272 10
184 381 10
527 986 10
32 806 10
1078 1425 10
449 1328 10
580 710 10
47 978 10
181 1412 10
226 535 10
349 1140 10
282 1225 10
68 1062 10
53 508 10
174 475 10
276 893 10
364 844 10
264 1276 10
501 896 10
588 1484 10
474 1246 10
312 870 10
322 1213 10
10 1035 10
1147 1456 10
483 663 10
1074 1381 10
40 1400 10
951 1184 10
1044 1263 10
606 1470 10
944 1485 10
163 468 10
953 1343 10
373 462 10
488 531 8
1340 1489 10
884 1051 10
549 782 10
21 317 10
777 1429 10
664 979 10
786 1272 10
127 1307 10
799 1302 10
113 1161 10
21 140 10
295 1003 10
917 979 10
19 800 10
1061 1374 10
61 149 10
326 703 10
724 1214 10
37 908 10
1234 1410 10
414 887 10
468 487 10
234 1095 5
723 1125 2
70 622 5
261 438 10
305 1361 10
1237 1464 10
1010 1131 10
886 1042 10
211 1438 10
16 890 10
452 741 10
1088 1142 10
601 845 10
1048 1307 10
702 1378 10
967 1391 10
283 1068 10
918 1454 10
67 275 10
151 977 10
1109 1228 10
1054 1097 10
204 895 10
532 638 10
36 843 10
89 361 10
298 490 10
88 1453 10
266 896 10
510 727 10
292 428 10
122 954 10
1008 1044 10
734 1425 10
50 754 10
92 1301 10
853 1014 10
1116 1353 10
200 933 10
898 1044 8
1131 1151 0
726 1327 10
655 1333 10
76 525 10
837 1092 10
1206 1241 10
938 1495 10
503 1256 10
789 1148 10
532 643 6
278 1398 10
1110 1289 10
39 300 10
215 853 10
632 795 10
212 1291 10
1303 1479 10
748 1250 10
764 1130 8
697 1129 10
655 701 10
36 1337 10
752 1190 10
234 663 10
266 437 10
921 1369 10
405 1086 10
488 1231 10
232 298 10
522 1373 10
1274 1312 10
1055 1449 10
1217 1450 10
1 180 10
399 1083 10
550 987 10
710 1011 10
498 683 10
358 1145 10
2 342 10
760 1035 10
655 1400 10
345 1154 10
123 211 10
90 1222 10
1372 1491 10
354 1053 10
14 497 10
857 959 10
126 1436 10
236 1222 10
315 1309 10
353 1421 10
531 546 6
637 999 10
223 1380 10
894 1124 10
48 1490 10
152 1400 10
339 848 10
103 983 10
760 1273 10
106 1212 10
1268 1370 10
1343 1369 10
347 831 10
376 844 10
299 781 10
304 359 10
393 1388 10
450 870 10
307 646 10
245 1396 10
97 163 6
658 1324 10
1195 1480 10
703 891 10
66 1461 10
537 793 10
366 960 10
501 1354 10
1351 1362 3
23 599 10
1189 1223 10
52 134 10
887 1158 10
665 709 6
204 996 10
548 1404 10
101 562 4
470 652 10
196 1410 10
492 596 10
606 1057 10
136 299 10
156 1333 10
454 574 6
578 1493 10
142 634 10
311 1053 10
264 456 10
741 1461 10
347 377 10
417 1172 10
237 891 10
1085 1217 10
59 96 10
763 792 7
593 1055 10
45 929 10
1312 1367 10
216 859 10
475 1325 10
773 1224 10
1065 1452 10
109 245 10
1154 1226 10
451 1007 10
453 997 10
610 1112 10
123 674 10
789 1287 10
285 535 10
449 1359 10
1306 1309 1
436 787 10
148 1373 10
828 1343 10
595 896 10
26 380 10
397 969 10
85 309 10
20 653 10
118 1188 10
822 1474 10
1107 1350 10
1326 1486 10
389 1040 10
577 741 10
629 1060 10
453 573 3
564 1146 10
493 966 10
227 1155 10
425 619 10
294 749 10
490 1425 10
781 806 10
1028 1095 10
342 802 10
474 791 10
611 1261 10
390 434 10
436 910 10
424 1341 10
820 890 10
120 324 8
272 509 10
372 654 10
645 1468 10
298 542 10
141 973 10
452 589 10
831 995 4
424 565 10
247 1141 10
936 1222 10
986 1274 5
757 1191 10
40 790 10
288 1256 10
161 556 10
45 735 10
743 868 10
106 1045 10
905 1038 10
963 1128 2
22 1292 10
583 992 10
712 830 5
134 1112 10
188 1289 10
76 130 9
411 429 9
27 771 10
64 504 10
106 445 10
62 392 10
88 444 10
15 974 10
2 534 10
36 878 10
24 771 10
50 751 10
468 1248 10
65 174 3
477 1161 10
831 1362 10
128 764 10
996 1337 10
173 361 10
417 1286 10
646 1449 10
295 374 10
270 920 10
617 752 10
206 752 10
51 221 10
747 971 10
97 630 10
839 1344 10
295 1139 10
320 895 10
790 924 10
553 1177 10
917 1063 10
529 681 10
618 1385 10
30 806 10
1143 1211 1
445 1295 10
860 1085 10
100 1036 10
419 582 10
38 136 10
222 1262 10
519 722 10
1075 1119 2
401 436 10
24 1120 10
1205 1443 10
890 1403 10
884 1207 10
57 267 10
145 640 10
229 880 10
229 1006 10
73 1438 10
383 1410 10
524 529 0
387 660 10
158 1116 10
590 837 10
868 882 7
394 538 10
899 1396 10
88 461 10
466 1110 10
116 812 10
407 1325 10
1086 1124 10
1136 1465 10
1 151 10
1032 1412 10
304 1427 10
892 1327 10
184 1135 10
148 407 10
956 1417 10
781 1306 10
482 1497 10
804 1327 10
728 1112 10
527 1063 10
498 1204 10
298 1322 10
1 496 10
308 451 4
1113 1481 10
41 606 10
815 1475 10
1328 1491 10
974 1135 10
418 1422 10
228 822 10
624 810 10
1133 1464 10
456 510 1
69 316 10
816 1382 10
310 1089 10
331 1050 10
109 1470 10
522 741 10
403 499 10
741 1454 10
193 1205 10
625 954 10
119 1120 2
1138 1312 10
654 792 10
1194 1194 0
357 1102 10
1029 1414 10
1126 1228 10
353 1376 10
430 817 10
98 690 10
808 1238 2
1042 1272 10
797 885 10
216 602 10
144 968 10
123 910 10
791 1070 10
603 1252 10
425 1449 10
1272 1432 10
1149 1349 10
92 603 10
659 1161 10
432 1301 10
223 577 10
807 972 10
49 1380 10
1136 1388 10
724 877 10
580 724 10
563 802 10
741 853 10
192 854 10
221 266 10
1409 1478 10
178 1173 10
312 996 10
1138 1292 10
352 629 10
167 415 10
834 1395 10
645 1475 10
134 561 10
1277 1496 10
89 902 10
232 509 10
474 790 10
479 1311 10
95 1041 10
1181 1253 10
684 853 10
749 1395 10
62 300 10
834 1300 10
619 1485 10
110 1332 10
127 988 10
912 1298 10
382 1363 10
210 775 10
670 1294 10
83 1259 10
1234 1265 10
885 1424 10
410 548 10
1002 1424 10
339 831 10
463 960 10
618 627 10
867 1312 10
353 1340 10
518 798 10
945 1000 10
46 491 10
1046 1404 10
219 629 10
324 1144 10
39 87 10
327 1361 10
470 807 10
562 1246 10
264 661 10
10 225 10
1093 1422 10
527 1312 10
667 684 10
197 1491 10
707 1461 10
504 1296 10
660 679 10
205 1345 10
472 966 10
62 524 10
191 701 10
68 1230 10
326 397 10
634 1230 10
119 349 10
687 1499 10
621 1355 10
51 511 10
95 780 10
97 1455 5
179 1241 10
229 1416 10
207 1109 10
250 579 10
467 611 10
124 831 10
979 1354 10
645 953 10
517 767 10
522 848 10
868 1488 10
112 1295 10
916 1388 10
510 855 10
970 1457 10
106 1054 10
574 958 10
1336 1449 10
326 761 10
700 755 10
149 1155 10
788 879 10
485 1165 10
767 840 10
61 1207 10
341 910 10
182 459 10
296 774 10
102 318 10
799 881 10
1148 1236 10
1394 1396 10
602 1145 10
140 581 10
347 1307 10
685 1481 10
242 802 10
333 1500 10
798 1313 10
8 1473 10
329 1144 10
662 1365 10
50 1090 10
485 675 10
794 886 10
1388 1461 10
357 791 10
213 1203 10
298 528 10
473 1432 10
698 1159 10
115 1347 10
398 1001 10
74 681 10
15 1167 10
1007 1045 10
214 1022 10
826 1457 10
179 630 10
526 826 10
155 419 10
1104 1334 10
446 864 10
425 529 10
146 949 10
1173 1190 10
680 889 10
16 66 10
338 539 10
468 1014 10
115 1190 10
1180 1384 10
463 692 10
1017 1223 10
131 1016 10
316 1304 10
418 1447 10
454 649 10
899 1500 10
702 815 10
496 1061 10
345 742 10
200 408 10
32 384 10
322 1173 10
233 1247 10
200 1212 10
454 814 10
516 933 10
496 718 10
118 885 10
1012 1310 10
167 767 10
406 408 10
148 440 10
28 508 10
734 1070 10
879 1428 10
228 1276 10
46 1470 10
228 1246 2
48 1258 10
32 633 10
740 1226 10
801 1178 10
241 1374 10
1103 1109 10
1021 1057 10
304 1273 10
226 1158 10
8 422 10
448 1363 10
431 1481 10
81 98 10
1365 1394 10
1014 1403 10
465 1138 10
199 1021 10
522 931 10
266 462 10
518 1468 10
361 978 10
1265 1425 10
257 1337 10
454 646 10
222 622 10
320 1468 10
108 1380 10
656 1253 10
1 397 10
364 1124 10
961 1489 10
562 1238 10
282 743 10
354 1393 10
363 1151 10
195 1140 10
760 1471 10
234 958 10
750 781 10
664 1026 10
408 785 10
147 1279 10
954 955 10
744 1500 10
262 1187 10
40 410 10
85 702 10
707 1315 10
673 1434 10
35 384 10
459 645 10
708 1128 10
725 829 10
1162 1213 10
678 1450 10
169 182 10
415 1261 10
752 1270 10
87 358 10
504 911 10
347 1113 10
130 506 10
735 842 10
749 942 10
178 272 10
75 1402 10
400 690 10
400 793 10
364 394 10
406 509 10
262 764 10
209 1230 10
348 1332 10
998 1168 10
35 827 10
751 817 10
398 741 10
343 610 10
504 1125 10
135 621 10
635 1108 10
72 240 10
306 939 10
314 713 10
508 1347 2
538 943 10
256 606 10
664 1231 10
544 1354 10
1225 1460 10
254 550 10
45 972 10
654 1080 10
1403 1404 10
993 1341 10
136 719 10
695 879 10
1070 1463 10
628 706 10
141 160 10
249 1015 10
413 1446 10
391 1231 10
348 999 10
525 782 10
683 924 10
732 781 10
51 626 10
42 1428 10
1268 1417 10
110 110 10
1045 1421 10
50 998 10
595 799 10
122 555 10
461 1255 10
662 1301 10
849 995 10
330 1436 10
493 535 10
335 1217 10
431 769 10
860 882 10
491 584 10
292 812 10
689 1416 10
466 1115 10
697 910 10
628 1157 10
347 596 10
931 1181 10
574 1030 10
372 880 10
208 1071 10
193 781 10
390 845 10
983 1418 10
71 1011 10
402 943 10
1311 1472 10
258 1427 10
160 954 10
738 889 10
757 1168 10
712 1115 10
1080 1441 10
6 254 10
294 1441 10
56 959 10
240 691 10
507 764 10
56 978 10
1031 1218 10
716 896 10
326 490 10
28 491 10
944 1296 10
230 1006 10
622 674 10
129 611 10
312 1106 10
22 1245 10
106 408 10
96 1089 10
1166 1404 10
127 175 10
357 1301 10
68 1065 10
254 772 10
164 1268 10
869 1077 10
374 759 10
515 1297 10
357 1412 10
63 1183 10
507 1366 10
912 941 10
288 423 10
941 1355 10
579 1384 10
475 1147 8
237 675 10
1024 1216 10
572 1248 10
731 1481 10
465 1422 10
188 1010 10
59 1002 10
133 815 10
661 1444 10
353 678 10
279 1259 10
95 160 10
307 1331 10
397 837 10
877 1202 10
714 980 10
425 556 10
765 964 10
207 1337 10
27 365 10
874 1479 10
771 824 10
862 1013 10
82 689 10
675 1364 10
576 1408 10
922 1343 2
869 945 10
133 882 10
1045 1240 10
3 1240 10
349 675 10
343 1087 10
573 1014 10
733 1298 10
388 1162 10
415 754 10
709 1227 10
550 659 10
893 997 10
268 335 10
480 1053 10
323 444 10
1 470 10
529 747 10
833 1456 4
1447 1481 10
413 497 10
362 1305 10
818 1496 10
112 1365 10
512 869 10
315 606 10
1087 1091 10
409 1322 10
166 1228 10
629 1495 10
583 1345 10
289 1122 10
305 1491 10
202 392 10
209 990 10
874 1124 10
72 513 10
506 750 10
64 514 10
7 336 10
135 433 10
72 221 10
279 522 10
498 1079 10
253 341 10
367 1196 10
69 851 10
13 840 10
1391 1467 10
711 1264 10
257 392 10
677 941 10
156 730 10
1032 1160 10
417 592 10
340 1218 10
979 1409 10
229 362 10
566 1191 10
882 889 10
711 1303 10
428 1097 10
417 1445 10
241 954 10
341 496 10
127 279 10
951 1068 10
1453 1498 10
209 969 10
1042 1133 10
1 822 10
576 1424 10
170 645 10
227 777 10
500 650 10
207 1444 10
560 1164 10
307 352 10
396 1028 10
25 1433 10
44 904 10
16 1372 10
620 1283 10
380 749 10
204 487 10
4 1018 10
343 1141 10
19 1143 10
569 736 10
777 1158 10
17 993 10
85 1463 10
144 1451 1
259 1022 10
102 1024 10
126 949 10
181 1218 10
892 1018 10
534 967 10
242 469 10
575 1268 10
707 1334 10
964 1008 10
490 1216 10
107 1082 10
782 1174 10
1039 1066 10
1135 1359 10
813 904 10
835 1039 10
1300 1457 10
568 1417 10
552 664 10
120 457 10
353 843 10
1150 1239 10
185 1078 10
479 1419 10
878 1284 10
463 1338 10
522 1095 10
115 1293 10
871 1037 10
104 807 10
996 1300 10
362 752 10
61 1039 10
404 608 10
162 1025 10
1081 1157 10
259 1472 10
605 1476 10
313 802 10
321 1057 10
1074 1422 10
927 945 10
700 1244 10
715 1495 10
766 1292 10
462 1014 10
174 1093 10
61 674 10
835 1400 10
147 535 10
907 1341 10
887 1484 10
181 1131 10
92 955 10
62 1175 10
836 1067 10
215 1313 10
18 1336 10
1153 1237 10
382 1302 10
112 556 10
540 562 10
324 745 10
209 645 10
163 1164 10
675 880 10
242 599 10
174 655 10
599 964 10
696 897 10
292 1292 10
271 755 10
19 1176 10
94 1434 10
26 105 10
390 1207 10
368 1031 10
458 1380 10
21 929 10
156 1278 10
81 891 10
527 1129 10
908 1407 10
683 1289 10
477 743 10
268 1268 10
298 830 10
132 1246 10
568 840 10
1166 1416 10
1169 1233 10
651 861 10
993 1075 10
122 222 10
746 1091 10
346 1425 10
814 1465 10
583 604 10
46 1406 10
680 1019 10
367 891 10
874 1254 10
88 651 10
559 1050 10
953 1115 10
10 950 10
622 1438 10
1093 1168 10
358 656 10
935 1177 10
961 1217 10
642 1157 10
411 1055 10
479 497 10
637 1253 10
475 522 10
374 570 10
613 826 10
348 795 10
723 1325 10
265 817 10
817 1135 10
86 265 10
1048 1432 10
1101 1167 10
440 1286 10
124 603 10
273 814 10
1276 1461 10
110 346 10
268 1140 10
611 665 10
839 1027 10
477 524 10
1126 1169 10
688 804 10
852 1065 10
368 670 10
239 716 10
1301 1304 10
21 1490 10
319 547 10
558 1098 10
594 1332 10
172 1017 10
583 725 10
723 1298 10
943 1297 10
88 103 10
141 1193 10
365 900 10
299 495 10
85 720 10
728 773 10
207 1417 10
328 938 10
512 1311 10
126 185 10
354 911 10
320 1193 10
44 1435 10
337 1145 10
588 960 10
941 1439 10
941 1134 10
421 1030 10
512 1111 10
246 333 10
441 1214 10
526 1397 10
312 1155 10
56 201 10
820 1477 10
824 1490 10
281 1258 10
1253 1327 10
971 1066 10
615 933 10
217 512 10
411 1240 10
47 407 10
138 1001 10
31 506 10
118 1275 10
782 1122 10
148 234 10
64 865 10
560 1194 10
160 1401 10
561 582 10
7 1253 10
346 1114 10
74 496 10
518 1233 10
171 655 10
442 1326 10
393 742 10
157 258 10
229 542 10
125 636 10
106 819 10
650 814 10
45 724 10
747 1075 10
738 810 10
615 678 10
325 1464 10
357 1375 10
359 456 10
459 1447 10
219 984 10
10 1474 10
719 913 10
759 911 10
65 915 10
56 1187 10
1337 1466 10
539 1077 10
535 1331 10
381 709 10
211 476 10
398 602 10
314 462 10
503 1370 10
91 1207 10
1206 1272 10
1035 1349 10
307 1348 10
690 1149 10
436 1415 10
70 1080 10
503 605 10
36 1387 10
732 1407 10
142 619 10
410 1286 10
2 806 10
447 1194 10
39 874 10
673 945 10
128 143 10
59 550 10
229 567 10
801 1159 10
110 148 10
314 1273 10
427 1249 10
387 842 10
295 1487 10
471 671 10
81 1152 10
7 654 10
551 1041 10
74 1400 10
754 773 10
442 1025 10
614 1010 10
1043 1288 10
54 897 10
300 661 10
304 1229 10
493 1135 10
32 128 10
601 724 10
326 500 10
1115 1334 10
200 1009 10
739 1166 10
104 607 10
111 229 10
1080 1439 10
354 798 10
557 1102 10
565 1114 10
1036 1499 10
622 975 10
1020 1116 10
35 867 10
303 454 10
345 603 10
1150 1203 10
613 1186 10
113 836 10
167 1050 10
220 366 10
922 1481 10
179 455 10
358 908 10
388 506 10
422 1019 10
198 1182 10
136 399 10
1146 1471 10
49 56 10
832 1201 10
105 1282 10
79 1185 10
826 927 10
376 1372 10
64 1146 10
1228 1471 10
290 1250 10
62 349 10
1300 1428 10
247 1407 10
672 1338 10
249 422 10
1229 1465 10
893 1129 10
940 1154 10
185 874 10
829 1378 10
150 1294 10
307 1177 10
1042 1438 10
552 888 10
368 1113 10
109 657 10
390 1015 10
332 1351 10
24 309 10
381 1471 10
524 904 10
148 342 10
768 1007 10
1320 1478 10
584 630 10
53 1397 10
1000 1218 10
32 55 10
889 1272 10
240 1439 10
884 1075 10
1480 1497 10
376 412 7
327 1123 10
186 1403 10
1263 1306 10
108 1027 10
127 1024 10
1020 1134 10
268 1391 10
365 846 10
843 1072 10
1201 1274 10
235 293 10
717 852 10
832 896 10
152 1172 10
284 469 10
91 364 10
1099 1272 10
8 772 10
515 1406 10
313 837 10
876 1088 10
236 616 10
148 1288 10
758 1189 10
287 1104 10
284 862 10
505 603 10
676 836 10
902 925 10
633 1383 10
914 1290 10
721 1472 10
65 430 10
990 1385 10
1100 1234 10
223 827 10
862 1154 10
247 410 10
407 444 10
669 1271 10
836 1384 10
281 942 10
35 81 10
334 675 10
1023 1112 10
535 546 10
603 1134 10
1058 1403 10
1207 1497 10
189 926 10
431 1438 10
503 1442 10
828 1411 10
324 460 10
396 1324 10
1085 1264 10
175 260 10
1158 1163 10
17 501 10
624 1158 10
264 791 10
575 805 10
748 1373 10
386 911 10
284 1342 10
359 1262 10
155 420 10
195 507 10
893 1189 10
550 1359 10
546 1434 10
249 1386 10
335 537 10
1146 1159 10
716 1418 10
213 1243 10
54 786 10
348 427 10
319 1067 10
1028 1110 10
277 1016 10
352 508 10
21 492 10
456 588 10
754 1037 10
612 640 10
882 1016 10
362 1016 10
409 1150 10
586 1026 10
1131 1437 10
8 390 10
205 865 10
602 866 10
775 1131 6
836 1448 10
66 1318 10
620 1379 10
591 622 10
68 724 10
102 1398 10
512 947 10
1088 1417 10
604 1306 10
1144 1414 10
234 1170 10
442 489 10
737 839 10
868 979 10
151 1057 10
341 1130 10
796 807 10
192 650 10
150 1195 10
93 1485 10
78 1107 10
78 1492 10
656 1196 10
377 1038 10
668 1269 10
325 611 10
140 926 10
1385 1441 10
728 1459 10
957 1011 10
201 817 10
771 1216 10
1086 1282 10
112 184 10
169 1196 10
429 459 10
1206 1292 10
339 1079 10
176 534 10
87 1282 10
1334 1386 10
339 452 10
139 1020 10
114 859 10
254 709 10
548 1425 10
367 829 10
1030 1310 10
53 308 10
305 833 10
154 1202 10
222 1195 10
754 1135 10
922 984 10
484 761 10
980 1143 10
563 654 10
184 621 10
1154 1403 10
324 1086 10
1248 1457 10
265 1220 10
276 967 10
551 1491 10
788 1435 10
188 1481 10
554 672 10
275 852 10
567 1235 10
784 1333 10
189 1045 10
576 799 10
1054 1128 10
155 654 10
226 804 10
20 41 10
1109 1332 10
258 1216 10
58 1464 10
204 1310 10
90 1305 10
466 741 4
385 945 10
304 772 10
257 605 10
1371 1376 10
526 644 10
403 878 10
429 516 10
5 1229 10
578 1334 10
550 778 10
1193 1439 10
42 529 10
99 523 10
415 1137 10
66 411 10
56 546 10
562 1371 10
158 485 10
141 770 10
187 1038 10
6 836 10
358 1407 10
328 1457 10
1 599 10
1246 1448 10
242 981 10
280 367 10
503 619 10
329 1139 10
229 904 10
191 810 10
638 788 10
72 550 10
596 1207 10
1015 1373 10
844 1494 10
425 726 10
597 777 10
25 186 10
1101 1161 10
1231 1241 10
1322 1368 10
449 662 10
1316 1402 10
935 1448 10
75 153 10
1067 1116 10
194 975 10
507 788 10
271 1032 10
440 1130 10
63 673 10
1135 1259 10
424 548 10
606 1363 10
446 1456 10
297 1317 10
193 1439 10
683 1072 10
492 509 10
504 550 10
706 719 10
299 1439 10
191 1348 10
210 474 10
451 874 10
212 1003 10
567 1281 10
669 1055 10
132 629 10
157 242 10
18 453 10
1113 1203 4
58 794 10
57 108 10
350 731 10
46 1478 10
659 1233 10
135 456 10
786 971 10
325 1362 10
414 1471 10
12 1283 10
713 1449 10
457 898 10
1152 1259 10
418 881 10
785 1159 10
126 551 10
1134 1457 10
979 1314 10
28 1318 10
1097 1260 10
133 976 10
625 1014 10
156 928 10
297 1050 10
673 1163 10
115 1471 10
417 787 10
270 397 10
334 649 10
262 699 10
631 873 10
372 1277 10
19 493 10
205 1069 10
316 976 10
648 1378 10
46 574 10
123 1002 10
250 488 10
900 1153 10
731 1476 0
540 1106 10
848 1255 10
343 990 10
1132 1393 10
996 1088 10
1239 1451 10
1148 1355 10
435 575 10
1302 1337 10
119 1083 10
98 660 10
875 927 10
177 756 10
892 1015 10
491 661 10
792 1295 10
782 985 10
423 463 10
370 844 10
393 1135 10
649 719 10
150 1336 10
456 567 10
819 1112 10
393 897 10
623 1200 10
699 982 10
720 1115 10
167 595 10
661 1236 10
303 735 10
624 730 10
568 599 10
58 494 10
815 1353 10
1257 1443 10
759 1396 10
263 1286 10
235 923 10
566 912 10
392 1051 10
317 982 10
706 1355 10
524 1001 10
1340 1445 10
158 1382 10
378 1066 10
71 1414 10
209 1286 10
491 1193 10
865 1382 10
112 708 10
121 929 0
997 1250 10
920 1406 10
337 1170 10
994 1390 10
1301 1422 10
8 381 10
30 1488 9
6 1110 10
321 372 10
356 1257 10
1096 1459 10
1138 1393 10
12 767 10
182 1095 10
803 1404 10
263 1177 10
123 1378 10
146 446 10
94 484 10
191 1254 10
809 840 10
48 507 10
68 1277 10
430 781 10
970 1055 10
1198 1289 10
391 1271 10
539 1496 10
5 884 10
567 707 10
540 1013 10
1165 1289 10
225 789 10
1413 1486 10
636 858 10
780 930 10
512 1467 10
498 1360 9
1013 1289 10
174 632 10
523 745 10
184 822 10
88 109 10
142 342 10
798 1030 10
543 1198 10
316 1321 10
400 1076 10
477 664 10
540 1412 10
1462 1484 10
1336 1465 10
414 829 10
400 642 10
334 956 10
516 1147 10
722 1273 10
879 1379 10
231 1010 10
948 1405 10
412 490 10
553 1030 10
98 1317 10
104 715 10
597 935 10
398 404 10
446 585 10
331 1488 10
716 983 10
365 1031 10
350 1035 10
116 164 10
730 1322 10
778 954 10
429 934 10
219 1066 10
885 1456 10
1205 1301 10
611 674 10
885 1366 10
454 690 10
72 841 10
487 1350 10
521 671 10
417 1210 10
507 868 10
41 1105 10
72 628 10
326 1166 10
96 146 10
781 1348 10
85 1342 10
890 1497 10
117 563 10
382 1320 10
196 321 10
421 1371 10
963 1449 10
701 1387 10
449 846 10
357 1310 10
737 1422 10
59 271 10
740 1037 10
319 1026 10
1371 1455 10
1223 1397 10
703 996 10
886 1076 10
156 314 10
962 1103 10
36 796 10
351 1232 10
987 1334 10
32 916 10
816 972 10
625 1460 10
178 984 10
802 1240 10
957 1229 10
839 1045 10
653 1042 10
854 1206 10
777 1032 10
55 230 10
918 1357 10
801 1255 10
406 691 10
128 1000 10
432 1263 10
164 180 10
471 628 10
528 1056 10
346 816 10
371 1089 10
788 1384 10
371 1444 10
220 344 10
862 1179 10
289 968 10
140 906 10
56 459 10
663 1411 10
405 929 10
587 1491 10
12 60 10
3 755 10
745 1210 10
527 1123 10
341 1073 10
461 472 10
429 1323 10
6 738 10
561 1385 10
189 748 10
320 555 10
132 799 10
523 582 10
1051 1237 10
718 1118 10
55 694 10
45 395 10
399 509 10
472 1340 10
256 878 10
987 1110 10
302 438 10
67 1462 10
588 1257 10
382 806 10
176 1086 10
59 198 10
6 597 10
164 412 10
888 1455 10
10 1427 9
229 1303 10
1219 1375 10
895 1131 10
222 422 10
1310 1391 3
558 571 10
34 512 10
32 585 10
489 1486 10
430 582 10
126 142 10
963 1193 10
231 767 10
544 800 10
819 821 10
432 1178 10
128 725 10
623 975 10
106 1444 10
256 519 10
1206 1270 10
548 1082 10
624 910 10
176 1160 10
390 411 10
969 1419 10
432 993 10
386 832 10
440 1356 10
661 876 10
397 641 10
811 1497 10
614 1035 10
898 1110 10
835 887 10
248 984 10
625 896 10
1043 1482 10
56 514 10
574 734 10
1053 1347 10
846 1467 10
119 1338 10
61 400 10
626 1389 10
636 1132 10
474 1144 10
155 512 10
136 1476 10
399 648 10
544 1282 10
515 829 10
57 1097 10
613 909 10
624 1067 10
228 1478 10
57 543 10
732 752 10
173 1320 10
1022 1415 10
70 1440 10
563 1437 3
412 1401 10
659 854 10
799 895 10
88 528 10
303 1348 9
470 1265 10
1263 1329 10
1337 1378 10
452 543 10
1007 1350 10
684 736 10
130 1048 10
1295 1422 10
826 1492 10
145 867 10
357 1450 10
31 229 10
339 844 10
1178 1396 10
61 1430 10
148 390 10
679 748 10
918 1272 10
3 1283 10
725 1135 10
182 1435 10
238 974 10
1164 1407 10
191 675 10
430 1345 10
872 1099 10
1410 1413 10
1278 1460 10
333 1203 10
180 417 10
53 64 10
594 631 10
395 932 10
201 861 10
864 1442 10
667 1015 10
688 1396 10
152 525 10
1056 1411 10
878 1396 10
778 991 10
413 524 10
668 1261 10
90 186 10
272 498 10
202 489 10
21 1021 10
750 757 10
823 1237 10
1301 1397 10
172 934 10
753 945 10
1056 1085 10
249 566 10
906 1109 10
437 850 10
353 867 10
129 1197 10
282 473 10
382 742 10
93 803 10
975 1007 10
856 1249 10
802 1351 10
839 1242 10
18 1383 10
144 1380 10
176 474 10
606 682 10
170 1398 10
309 1273 10
508 1327 10
248 1294 10
997 1492 10
893 936 10
1258 1264 10
128 1022 10
546 585 10
967 1056 10
958 1190 10
741 1064 10
472 980 10
752 868 10
886 1168 10
638 1303 10
1068 1384 10
344 575 10
584 614 10
687 1276 10
503 1458 10
351 787 10
552 816 10
180 236 10
524 1375 10
316 1004 10
1079 1345 10
1141 1357 10
209 1297 10
628 1430 10
798 1005 10
754 1378 10
544 1178 10
6 212 10
960 1179 10
340 744 10
130 1404 10
631 1153 10
276 312 6
3 964 10
499 1429 10
661 1301 10
1068 1287 10
395 395 10
606 1066 10
267 1318 10
253 265 10
167 1100 10
388 796 10
226 431 10
196 866 10
83 896 10
874 1288 10
209 1132 10
501 1335 10
291 916 10
24 140 10
26 486 10
769 985 10
320 655 10
389 554 10
540 959 10
373 612 10
1017 1269 10
466 538 10
740 891 10
147 1429 6
796 1369 10
441 533 10
426 1478 10
445 1468 10
374 704 10
987 1476 10
129 515 10
1500 1500 1500
952 1069 10
444 1247 10
98 1177 10
90 1333 10
26 158 10
869 878 5
976 1099 10
933 1371 10
425 599 10
54 804 10
557 636 10
643 886 10
594 1451 10
423 1346 10
1024 1265 10
1219 1377 10
19 1107 10
244 1340 10
166 198 10
280 907 10
260 1309 10
1032 1301 10
699 1356 10
1204 1273 10
955 1499 10
1346 1429 10
437 543 10
459 773 10
791 1087 10
456 888 10
1337 1435 10
664 1057 10
769 1464 10
261 1471 10
1213 1497 10
102 427 10
923 1098 10
595 1358 10
298 733 10
397 1039 10
941 1037 10
254 699 10
1007 1031 6
263 720 10
167 1031 10
933 1194 10
352 1394 10
222 1453 10
165 1282 10
752 1372 10
13 1345 10
220 279 10
959 1285 10
771 1099 10
192 1412 10
286 1059 10
435 1177 10
23 829 10
45 784 10
378 869 10
1014 1265 10
186 749 10
327 1115 10
279 638 10
306 994 10
211 1355 10
973 1236 10
546 882 10
25 1032 10
150 451 10
827 840 1
843 1251 5
1400 1428 1
11 1178 10
937 1251 10
745 1100 10
276 1269 10
571 1019 10
952 1240 10
493 990 10
25 946 10
219 323 10
327 901 10
451 567 10
114 778 10
979 1418 10
189 917 10
983 1404 10
616 1230 10
805 1131 10
531 1018 10
243 340 10
490 1193 10
492 1118 10
680 1224 10
886 1111 10
74 496 10
233 278 10
271 1114 10
359 1385 10
25 880 10
66 123 10
277 536 10
492 711 10
568 718 10
639 902 8
215 516 10
828 1400 10
633 1257 10
1242 1328 10
844 932 10
244 804 10
904 1237 10
312 1302 10
908 1226 10
129 1346 10
989 1382 10
328 850 10
1333 1380 10
197 1181 10
967 1188 10
139 613 10
419 765 10
174 275 10
107 750 10
614 1213 10
959 1183 10
658 798 10
683 1491 10
410 947 10
6 900 10
131 266 10
572 1420 10
89 954 10
784 1321 10
1297 1466 10
274 1285 10
314 717 10
122 1128 10
425 1152 10
1011 1061 10
1053 1215 10
704 1458 10
23 1189 10
1208 1289 2
180 1456 10
442 907 10
703 889 10
110 843 10
607 1489 10
983 1307 10
1164 1427 10
1271 1396 10
157 1274 10
35 1236 10
119 1239 10
634 1333 10
407 542 10
1199 1290 10
740 1377 7
925 1175 10
47 416 10
103 138 10
951 960 9
434 579 10
621 1090 10
169 1123 10
1392 1484 10
353 637 10
494 1235 10
209 683 10
44 873 10
445 459 10
1031 1225 10
751 1018 10
907 1235 10
175 919 10
288 558 10
663 976 10
1015 1075 10
212 655 10
96 1126 10
155 640 10
112 651 10
334 1064 10
381 1385 10
842 1467 10
517 573 10
530 1458 10
557 1414 10
490 649 10
446 1345 10
39 421 10
157 1407 10
852 885 10
147 1092 10
388 536 10
347 1302 10
684 1178 10
43 948 10
93 782 10
423 1389 10
367 886 10
462 933 10
268 1345 10
113 150 10
947 951 5
345 870 10
823 1462 10
739 1064 10
1143 1368 10
689 848 10
485 1331 10
110 774 10
139 1129 0
233 261 2
557 563 6
498 615 10
45 926 10
1121 1360 10
91 667 10
813 1362 10
831 1209 10
507 835 10
445 901 10
111 779 10
46 1191 10
137 984 10
1198 1387 10
774 838 10
1155 1181 10
146 1350 10
1433 1451 10
632 1118 10
33 1313 10
588 1354 10
282 1439 10
318 1420 10
1126 1255 10
912 930 2
706 789 10
511 719 10
566 1334 10
264 705 10
998 1118 10
846 966 10
1058 1284 10
128 461 10
50 145 10
999 1326 10
2 216 10
661 1439 10
914 1191 10
1014 1464 10
624 1240 10
67 1333 10
165 328 10
199 809 10
294 687 10
406 1165 10
1273 1468 10
587 779 10
50 89 10
107 965 10
618 1227 10
1032 1462 7
748 1123 10
615 947 10
662 1312 10
1473 1474 1
339 1402 10
420 917 10
191 1011 10
257 621 0
1014 1136 10
752 870 10
774 914 10
1015 1287 10
15 1412 10
372 431 10
206 784 10
1204 1420 10
556 773 10
127 220 10
194 703 10
807 1453 10
226 1019 10
796 984 10
450 1306 10
901 1111 0
640 1008 10
554 979 10
837 1492 10
556 1092 10
167 1203 10
233 877 10
204 829 10
481 1343 10
192 770 10
80 345 10
691 1267 10
794 1406 10
1097 1298 10
1412 1422 4
1149 1226 10
974 1039 3
480 649 10
109 817 10
1008 1053 10
345 962 10
160 227 10
387 978 10
173 257 10
315 547 10
368 1283 10
437 942 10
1129 1139 3
303 863 10
835 1404 10
368 520 10
228 1022 10
403 1298 10
31 1046 10
163 1116 10
391 779 10
489 1349 10
894 939 10
588 1268 10
490 1009 10
742 1284 10
617 1112 10
1021 1436 10
380 1135 10
777 1322 10
73 936 10
15 152 10
26 28 0
1024 1214 10
902 1369 10
457 1270 10
7 379 10
138 1195 10
127 762 10
816 906 10
511 660 10
656 1469 10
929 953 2
993 1027 10
334 1100 10
707 788 10
164 352 10
777 1315 10
374 1010 10
1277 1437 10
921 1301 10
644 647 0
242 1080 10
150 364 10
450 940 10
531 606 10
339 868 10
357 988 10
352 1026 10
449 1484 4
964 1393 10
93 844 10
229 313 6
172 1335 10
637 1202 10
39 1165 10
571 1339 10
331 669 10
1033 1436 10
177 717 10
561 1181 10
1087 1136 10
173 1089 10
648 1397 10
1114 1313 10
611 1366 10
708 729 3
665 1029 10
33 1068 10
168 1474 10
232 1379 10
2 777 10
1099 1379 10
515 1164 10
723 765 10
608 1092 10
170 1156 10
231 1460 10
926 1290 10
12 611 10
588 1072 10
315 1142 10
585 648 10
601 741 10
1004 1195 10
677 1048 10
446 1327 10
324 1264 10
291 1313 10
846 1324 10
482 725 10
252 1359 10
203 1235 10
1417 1448 10
777 1166 10
677 789 10
554 1140 10
47 1099 10
517 702 10
16 692 10
30 752 10
637 659 6
121 853 10
793 795 3
853 1163 10
30 1089 10
926 1472 10
370 1397 10
114 1260 10
246 591 10
556 899 10
258 951 10
696 878 10
484 1199 10
577 1086 10
88 739 10
641 1210 10
84 957 10
796 1030 10
252 889 10
564 574 3
1200 1366 10
47 1021 10
340 612 10
240 763 10
674 1187 10
607 815 10
187 889 10
675 1325 10
272 1482 10
982 1120 10
1408 1433 10
148 878 10
659 1210 10
8 843 10
348 896 8
309 537 10
528 1006 10
258 1413 10
69 177 10
75 1256 10
214 553 10
562 1333 10
284 915 10
52 181 10
200 1057 10
31 1426 10
145 1275 10
656 1041 10
357 1048 10
244 271 10
565 969 10
632 1135 10
433 1295 10
426 914 10
1044 1491 10
1032 1260 10
304 653 10
15 1220 10
284 339 10
97 347 10
539 691 10
37 430 10
629 1416 10
83 1243 10
308 511 10
582 710 10
840 1396 10
510 1194 10
194 450 10
327 1027 10
915 1400 10
434 836 10
125 733 10
1133 1144 10
273 1226 10
100 747 10
1025 1495 10
454 570 2
851 1289 10
294 1023 10
9 196 10
202 342 10
360 1121 10
361 362 1
1014 1182 10
788 1020 10
878 1193 10
231 288 2
49 316 10
103 149 10
1204 1423 10
816 1248 10
596 606 6
241 607 10
1039 1485 10
416 1178 10
1075 1269 10
377 1467 10
977 1289 10
285 569 10
207 1269 10
64 1328 10
668 1370 10
502 722 10
194 1303 10
528 1134 10
485 653 10
849 1237 10
327 1040 10
61 940 10
463 792 10
340 523 10
479 1128 10
885 1381 10
71 1135 10
279 972 10
1001 1456 10
418 876 10
968 1130 10
269 983 10
15 1142 10
1321 1492 10
431 788 10
130 1368 10
637 1265 10
1468 1485 10
265 1039 10
1420 1452 6
225 1058 10
1219 1279 10
89 1296 10
391 441 3
534 931 10
654 751 10
38 481 10
983 1056 10
318 1003 10
378 1438 10
107 1127 10
286 570 10
488 824 10
898 923 10
1405 1483 10
304 666 10
44 46 1
1014 1130 0
577 838 10
538 1158 10
617 1090 10
55 514 10
330 1230 10
562 832 1
526 821 10
346 749 10
487 1160 10
1011 1281 10
110 771 10
623 1350 10
595 668 10
472 538 10
563 788 10
803 1126 10
201 1361 10
992 1256 10
566 1252 10
492 1408 10
729 1218 10
87 1103 10
949 1181 10
349 1439 10
1357 1457 10
956 1170 10
685 887 10
92 268 10
339 486 10
757 913 10
455 535 10
397 709 10
680 790 10
113 575 10
717 1172 10
341 865 10
184 939 10
161 1320 10
572 803 10
336 1092 10
88 1020 10
1004 1314 10
222 1290 10
108 1496 10
154 710 10
528 1185 10
264 557 10
23 901 10
1055 1071 3
374 716 10
734 1369 10
86 1292 10
562 1200 10
1349 1441 10
404 587 10
147 1044 10
196 495 10
162 414 10
698 1449 10
1 1471 10
1022 1109 10
953 1135 10
406 1055 10
64 640 10
692 1112 10
474 945 10
968 1084 10
62 827 10
404 647 10
86 1244 10
26 1193 10
20 1407 10
701 1125 10
537 1489 10
163 1055 10
270 745 10
823 929 10
782 1091 10
865 1415 10
35 677 10
567 1059 10
600 1387 10
803 851 10
492 1047 10
61 160 2
909 1255 10
394 832 10
376 705 10
447 1351 10
180 352 10
9 1298 10
550 1306 10
654 692 10
344 945 10
107 363 10
106 838 10
55 1303 10
725 1249 10
990 1262 10
625 1175 10
94 333 10
293 1082 10
654 1474 10
964 1284 10
108 351 10
887 1423 10
138 516 10
30 1005 10
447 624 10
1097 1349 10
1390 1430 10
709 1017 10
1066 1281 10
381 1063 10
221 818 10
567 1388 10
28 1365 10
658 715 10
763 1185 10
589 655 10
485 764 10
322 991 10
526 534 8
864 1000 10
385 1303 10
22 962 10
577 743 10
684 1053 10
335 421 10
194 726 10
1154 1442 10
765 1344 10
1123 1469 10
271 1185 10
716 1391 10
1186 1261 10
66 1207 10
692 790 6
716 1110 10
1022 1225 10
748 1135 10
264 403 10
58 85 10
1259 1337 10
963 1254 10
22 378 10
216 533 10
361 739 10
709 842 10
917 1397 10
225 989 10
45 632 10
819 898 10
324 1421 10
1258 1464 10
834 1097 10
590 936 10
300 978 10
118 264 10
126 1071 10
83 133 10
643 858 10
152 350 10
461 1010 10
375 1246 10
1179 1420 10
415 1160 2
244 410 10
270 574 10
32 1243 10
23 1261 10
106 554 10
284 1069 10
204 1435 10
383 721 10
794 876 10
384 1050 10
175 995 10
1068 1227 10
337 1292 10
185 743 10
974 1376 10
1179 1406 10
1076 1218 10
1023 1108 0
104 205 10
233 796 10
636 1031 10
475 996 10
583 598 4
155 309 10
502 1341 10
49 965 10
682 1163 10
474 602 10
285 626 10
968 1252 10
474 1192 10
313 519 10
147 506 10
1168 1202 10
918 1004 6
1152 1394 10
956 1378 10
554 972 10
113 249 10
477 720 10
1489 1491 0
78 1390 10
1050 1144 10
447 708 10
280 520 10
44 1198 10
944 1491 10
514 547 10
228 1370 10
1074 1422 10
11 73 10
309 1020 10
478 847 10
367 816 10
642 1171 10
261 633 10
36 1066 10
312 1269 10
348 998 10
415 1499 10
71 326 10
254 634 10
711 1302 10
757 1094 10
172 531 10
872 1012 4
202 1336 10
100 881 10
1448 1469 10
525 579 10
1138 1200 10
729 1190 10
1152 1205 10
231 1467 10
177 1320 10
915 1297 10
725 1184 10
263 707 10
328 620 10
1035 1307 10
466 834 10
246 254 4
280 1486 10
943 1317 10
456 1302 10
126 343 10
173 580 10
452 1083 10
324 1467 10
395 1110 10
18 75 10
187 1114 10
362 839 10
823 1124 10
511 987 10
633 1450 10
893 969 0
294 1415 10
944 1244 10
673 837 10
209 1012 10
599 828 10
391 945 10
548 898 10
1116 1351 10
420 947 10
22 1365 10
341 857 10
587 1109 10
582 894 10
27 976 10
267 533 10
601 1155 10
269 790 10
610 1244 10
493 1022 10
418 1397 10
349 1346 10
541 1261 9
18 202 10
41 825 10
245 951 10
906 1339 10
219 991 10
984 1253 10
177 1487 10
832 1290 10
119 1112 10
172 806 10
51 982 7
1043 1176 1
651 885 10
925 1451 10
1115 1494 10
1063 1182 10
135 1322 10
246 597 10
893 1269 10
511 1484 10
464 550 10
488 1335 10
1245 1398 10
85 810 10
967 1324 10
72 238 5
129 943 10
1195 1268 10
1015 1223 10
458 1116 10
178 859 10
751 1459 10
394 846 10
118 770 10
538 964 10
949 1223 10
777 804 10
887 1302 10
165 1239 10
495 1396 10
209 1440 10
62 278 10
729 1220 10
1044 1217 10
503 1412 10
650 889 10
590 667 10
881 1062 10
53 1180 10
879 1295 10
174 623 10
1081 1389 10
1311 1367 10
477 823 10
1196 1273 0
72 267 10
82 1149 10
628 733 10
92 813 10
377 1168 10
295 695 10
4 722 10
788 984 10
314 672 10
1245 1354 10
848 936 10
415 660 10
232 1079 10
701 1309 10
421 1319 10
1272 1300 1
961 1096 10
427 457 9
1135 1353 10
434 1204 10
390 785 10
388 1001 10
656 1375 10
377 603 10
35 947 10
546 1286 10
327 1236 10
835 1420 10
109 572 10
240 1352 10
72 1036 10
231 1055 10
1217 1308 10
219 599 10
226 942 10
291 1294 10
756 996 10
450 847 10
395 926 10
1019 1267 10
1169 1309 10
935 1374 10
892 953 10
493 688 10
643 1251 10
403 567 10
448 1429 10
11 1388 10
912 1201 10
155 423 10
599 1064 10
62 1359 10
387 985 10
38 1272 10
446 842 10
66 389 10
67 896 10
630 1192 10
915 1424 10
167 472 10
261 551 10
982 1336 10
88 1222 10
821 1100 10
817 1452 10
184 623 10
62 101 10
691 1148 10
62 93 10
67 793 10
21 443 10
335 748 10
796 1141 10
375 711 10
545 593 9
1272 1459 10
774 1249 10
151 772 10
451 711 10
322 1120 10
23 45 10
102 1199 10
502 527 2
273 504 10
489 1091 10
806 1436 10
1110 1441 10
279 1335 10
287 670 10
795 966 10
427 440 10
619 1225 10
524 1305 10
12 58 10
396 1356 10
189 741 10
108 869 10
719 958 10
910 1163 10
141 217 10
384 1408 10
1203 1290 10
749 824 10
72 611 10
592 890 10
420 570 10
29 1408 10
983 1480 10
367 1158 10
1280 1357 10
385 973 10
141 280 4
48 322 10
274 306 10
239 1052 10
849 1305 10
536 1150 10
313 1258 10
354 922 10
1114 1180 10
1277 1466 10
411 1117 10
369 518 10
1095 1220 10
1068 1467 10
705 1387 10
909 1004 10
181 533 10
988 1180 10
505 1249 10
1028 1219 10
1267 1351 10
915 947 10
455 483 9
1048 1253 10
521 693 10
828 1115 10
232 829 10
848 900 0
205 895 10
1168 1316 10
430 469 10
1144 1326 10
935 1309 10
163 660 10
191 1153 10
54 1256 10
552 724 10
1280 1410 10
592 1323 10
45 562 10
1090 1404 10
158 1048 10
311 882 10
376 728 10
572 877 10
920 1444 10
928 936 6
1125 1275 10
311 1206 10
105 378 10
61 268 10
407 571 10
224 1071 10
84 1017 10
1170 1401 10
494 1043 10
79 988 10
605 1094 10
80 334 10
1414 1474 10
743 949 6
89 285 10
657 729 10
808 1301 10
550 977 10
430 667 10
148 560 10
888 1146 10
707 927 10
719 1352 10
25 1297 10
847 1188 10
165 253 10
73 1147 10
996 1025 4
518 1259 10
378 1215 10
573 874 10
8 576 10
1027 1035 3
1132 1493 10
289 717 10
400 555 10
448 1120 10
691 1313 10
63 833 10
317 816 10
500 911 10
1203 1319 10
736 1359 10
190 345 10
487 918 10
1088 1450 10
1132 1352 10
770 1013 10
377 1011 10
1410 1445 8
250 927 10
367 658 10
561 1376 10
668 949 10
710 1286 10
796 879 10
374 526 10
649 1177 10
752 1037 10
904 1208 10
148 633 10
981 1158 10
76 766 10
117 162 10
60 920 10
875 888 7
384 961 10
1292 1400 10
164 641 10
124 1091 10
116 717 10
118 1395 10
364 474 10
433 1357 10
469 530 10
154 1358 10
825 971 10
1079 1170 10
923 1379 10
189 1011 10
365 1161 10
794 1484 10
13 822 10
824 1129 10
57 1126 10
79 473 10
569 737 10
20 1246 10
41 964 10
40 1335 10
11 16 2
102 1359 10
231 1098 10
115 1403 10
332 513 10
524 1118 10
581 901 10
65 327 10
1144 1457 10
458 788 10
494 704 10
1364 1494 10
999 1209 10
201 1246 10
101 407 10
1380 1400 10
337 1200 10
355 1035 10
607 702 10
1151 1167 3
381 1492 10
598 1039 10
225 569 10
410 537 10
653 1112 3
656 733 10
790 1166 10
92 903 10
14 1445 10
4 542 10
542 1097 10
138 1356 10
43 665 10
284 893 10
621 760 10
342 1294 10
515 552 10
766 1282 10
562 1290 10
167 263 10
503 1030 10
440 1218 10
44 1052 10
194 1397 10
566 1252 10
1012 1145 10
1258 1498 10
163 1081 10
12 205 4
1113 1188 10
868 1138 10
92 323 10
117 970 10
213 1494 10
74 326 10
726 898 10
124 416 10
500 1217 10
550 1180 10
21 1273 10
133 1401 10
652 713 10
682 853 10
394 946 10
761 1398 10
420 1028 10
143 1134 10
452 926 10
173 490 10
1405 1491 10
332 982 10
702 852 10
864 1048 10
912 1302 5
1282 1408 10
69 779 10
728 1089 10
42 795 10
1100 1423 10
842 1079 10
27 1106 10
678 816 10
225 499 10
34 919 10
321 1039 10
999 1181 10
1397 1496 10
556 631 10
1128 1379 10
1145 1400 10
326 1198 10
376 559 10
368 727 10
681 1128 10
606 1026 10
1113 1181 2
163 560 10
941 1137 10
320 1385 10
1099 1190 10
80 1317 10
342 473 8
424 1208 10
663 859 10
204 1352 10
465 1187 10
303 820 0
573 688 10
641 1233 10
97 720 10
677 1094 10
392 402 8
1020 1392 10
527 949 10
764 1018 10
492 931 10
1041 1056 10
280 1391 10
509 1051 10
1 1024 10
1162 1451 10
1132 1494 10
32 885 10
157 216 10
78 286 10
37 409 10
664 1251 10
174 981 10
55 820 10
805 1087 10
160 1128 10
85 967 10
265 332 10
151 906 10
205 1207 10
910 1119 10
115 1301 10
584 1405 10
101 748 10
583 653 6
217 883 10
1113 1126 1
123 916 10
44 359 0
307 848 10
820 985 10
152 484 10
318 1053 10
163 1457 10
993 1495 10
1004 1400 10
1324 1382 6
471 1448 10
341 1353 10
363 788 10
561 956 10
30 895 10
494 742 10
1134 1349 10
140 652 10
620 1244 10
442 889 10
594 876 10
288 690 10
137 1186 10
671 724 10
57 1459 10
469 573 6
833 1073 10
89 559 10
851 1364 10
1290 1497 7
1052 1054 1
638 718 10
84 906 10
618 880 10
259 1350 10
165 486 10
128 258 10
144 1386 10
356 927 10
4 1232 10
28 226 8
1011 1200 10
270 1234 10
51 399 10
987 1159 10
409 770 10
614 1029 10
239 679 10
1178 1315 10
675 1375 10
859 1037 3
601 647 0
204 272 10
940 1393 10
543 1159 10
301 1057 10
358 434 1
118 359 10
271 782 10
108 1249 10
266 887 10
417 1431 10
1138 1381 10
774 1166 10
769 1170 10
781 1491 10
151 242 10
309 514 10
47 1398 10
454 605 10
1179 1277 10
85 635 10
927 1432 10
87 741 10
639 882 10
64 480 10
841 916 10
139 1393 10
244 582 10
413 668 10
280 490 10
199 402 10
63 791 10
481 1143 10
141 227 10
368 1480 10
625 628 3
699 863 10
460 493 10
326 1320 10
461 1469 10
958 1253 10
641 850 10
846 985 10
8 1176 10
534 1332 10
1040 1069 10
378 1022 10
292 1421 10
1126 1418 10
205 1243 10
34 193 10
910 997 10
799 1346 10
77 241 10
108 1300 10
1210 1449 10
330 965 10
453 512 10
180 970 10
534 1100 10
91 814 10
965 1325 10
948 1442 10
670 833 10
717 769 10
573 947 7
344 1366 10
224 306 10
289 552 10
139 161 10
775 1387 10
139 1075 10
173 604 10
1317 1479 10
139 345 10
38 804 10
912 1392 10
154 362 10
394 535 10
298 689 10
729 1284 10
1106 1169 10
167 1483 10
100 524 10
191 955 10
356 632 10
580 1042 10
179 197 10
981 1434 10
1265 1279 2
90 547 10
394 1014 10
697 936 10
810 1103 10
44 1003 10
13 734 10
526 710 10
228 425 10
798 1221 10
93 582 10
569 1094 10
536 1473 10
925 1076 10
497 1077 10
764 974 10
405 746 10
1115 1461 10
437 886 10
470 1443 10
253 1043 10
1219 1307 10
151 935 10
285 389 10
940 1390 10
125 386 10
117 531 10
459 1066 10
37 668 10
544 1231 10
79 683 10
67 1200 10
1026 1258 10
745 975 10
494 1335 10
686 915 10
824 924 2
948 1237 10
1040 1097 10
40 1017 10
702 1367 10
452 1195 10
456 1342 10
463 772 10
403 438 10
313 516 10
50 609 10
201 212 9
1140 1421 10
500 685 10
897 1094 10
690 1412 10
19 683 10
600 1471 10
284 899 10
1463 1479 9
5 1385 10
1093 1311 10
227 969 10
679 988 10
444 1036 10
1186 1296 10
268 1224 10
181 1462 10
1214 1478 10
311 1281 10
46 869 10
892 1113 6
1193 1303 10
469 969 10
854 1302 10
537 1461 10
283 998 10
46 198 10
700 1017 10
139 334 10
277 1299 10
189 637 10
780 840 10
434 683 10
225 705 10
79 1282 10
612 1492 10
664 781 10
1040 1199 10
767 1442 10
260 1321 10
534 574 10
228 909 10
1098 1371 10
242 856 10
237 1368 10
102 373 10
1034 1131 10
814 1205 10
17 902 10
350 488 10
158 1116 10
287 1240 10
397 997 10
273 743 10
478 912 10
179 1038 10
434 556 10
41 1193 10
1094 1203 10
764 1150 10
844 1186 10
305 552 10
447 1492 10
529 1003 10
507 890 10
361 1039 10
849 855 10
155 155 10
279 645 10
657 1285 10
995 1144 10
449 1319 10
914 1290 10
57 1190 10
454 510 10
487 1305 10
5 482 10
64 218 10
612 1262 10
357 986 10
159 754 10
355 859 10
117 1431 10
168 1456 10
377 416 10
197 626 10
1369 1461 10
25 383 10
299 796 10
1136 1248 10
632 1179 10
425 1130 10
264 1111 10
1308 1446 10
827 1317 10
85 937 10
119 967 0
631 1378 10
172 339 10
5 374 10
265 1193 10
670 1420 10
694 1056 10
414 865 10
1144 1220 10
418 991 10
886 1238 10
491 934 10
786 911 10
517 1296 10
676 861 10
473 1005 10
684 1348 10
1003 1168 10
1342 1437 10
647 1060 10
358 1486 10
764 1418 10
204 713 10
433 1138 10
916 1432 10
584 1390 10
728 974 10
279 1341 10
76 404 10
773 1026 10
977 1012 10
158 1121 10
277 1403 10
537 547 10
194 289 10
634 790 10
407 1382 10
438 1397 10
1028 1351 10
44 682 10
449 611 10
737 1437 10
61 791 10
198 408 10
457 1338 10
38 533 10
216 1432 10
858 949 10
775 983 10
1124 1370 10
86 1433 10
290 894 10
442 609 10
429 1216 10
106 624 10
975 1012 10
23 117 10
230 1219 10
198 1014 10
289 1413 10
550 1336 10
635 695 10
275 330 10
249 1272 10
800 1411 10
1233 1390 10
224 672 10
664 1020 5
783 814 10
733 881 10
552 1134 10
708 1114 10
916 1480 10
735 1010 10
329 1027 10
445 1362 10
662 1388 10
399 579 10
41 132 10
813 1266 10
633 636 10
1326 1440 10
90 532 10
1227 1350 10
846 1064 10
390 945 10
549 1026 10
438 1298 10
422 677 10
86 1491 10
863 1433 10
648 750 10
130 573 10
37 1446 10
751 1464 10
758 819 10
132 935 10
664 1025 10
710 1128 10
732 897 10
1353 1499 10
439 818 10
1265 1495 10
256 504 10
870 1439 10
34 465 10
255 663 10
67 462 10
557 1200 10
574 604 10
1047 1235 10
1209 1292 10
51 601 10
92 323 10
80 809 10
167 883 10
1183 1265 10
722 798 10
412 1005 10
245 248 10
771 831 10
240 544 10
532 1094 10
927 1337 10
356 1067 10
66 261 10
88 682 10
80 1072 10
425 760 10
23 368 10
297 1087 10
401 424 10
96 1214 10
184 238 10
158 877 10
139 913 10
208 280 10
25 1426 10
501 1248 10
458 515 10
230 316 10
179 996 10
280 658 10
707 867 10
443 1018 10
898 958 10
769 1292 10
471 922 10
17 68 10
1041 1383 10
661 1103 10
3 277 10
182 1468 10
35 258 10
1142 1184 10
67 1108 10
250 340 10
129 930 10
688 818 10
578 1145 10
159 959 10
682 1050 10
68 1478 10
151 710 10
699 1101 10
1173 1222 10
15 1188 10
980 1193 10
909 1030 10
186 1035 10
314 505 10
248 963 10
165 1126 10
354 971 10
222 1341 10
1201 1366 10
515 750 10
510 1376 10
347 682 10
778 1093 10
979 1361 10
27 1491 4
92 1083 10
528 1073 10
515 1363 10
59 892 10
1098 1255 10
1298 1350 10
1233 1368 10
85 846 10
744 802 10
577 610 10
1133 1148 10
604 1421 10
201 463 10
966 1368 10
1127 1263 10
878 1122 10
238 979 10
380 779 10
116 374 10
1315 1481 10
5 1193 1
111 627 10
71 223 10
302 817 10
208 1210 10
258 736 10
275 1225 10
45 1192 10
404 1360 10
922 1091 10
150 776 10
713 909 10
81 1182 10
138 707 10
1062 1403 10
414 1044 10
600 1050 10
739 1376 10
146 1302 10
203 785 10
870 889 10
644 895 10
376 452 10
487 987 10
86 753 10
321 834 10
1386 1439 10
21 1214 10
138 1360 10
630 1021 10
1215 1253 10
554 679 10
38 714 10
339 1007 10
50 902 10
77 381 10
302 1045 10
628 648 10
811 927 10
229 236 10
941 949 10
170 1076 10
117 224 10
56 375 10
244 636 10
523 1282 10
40 590 10
997 1332 10
760 1051 10
1083 1271 10
148 312 10
303 1411 10
272 1115 10
688 1423 10
182 1357 10
146 169 10
479 1399 10
74 1171 10
842 1187 10
283 1017 10
281 1018 10
212 651 10
43 1147 10
311 1093 10
598 947 10
26 542 10
376 651 10
78 225 10
1240 1398 10
902 1395 10
376 1416 10
720 1426 10
238 1455 10
485 1242 10
554 1295 10
572 779 10
408 1132 10
430 1319 10
243 747 10
464 1217 10
746 752 10
752 1370 10
552 669 10
899 926 10
1275 1344 10
155 1352 10
543 960 10
556 1227 10
502 1132 10
868 923 10
172 1295 10
397 1308 10
556 859 10
717 882 10
581 588 10
733 859 10
828 1302 10
396 565 10
34 140 10
378 1262 10
46 849 10
418 1383 10
718 1301 10
63 313 10
48 1416 10
250 693 10
283 756 10
992 1441 10
326 917 10
635 1277 10
777 1225 10
468 574 10
454 1011 10
1078 1450 10
724 938 10
519 1373 10
40 1154 10
745 1241 10
665 778 10
697 1282 10
66 823 10
947 1410 10
269 838 10
315 519 10
1143 1246 10
1321 1433 10
338 1277 10
1025 1110 10
593 1283 10
413 1011 10
706 1462 10
1262 1344 10
718 1446 10
905 1331 10
1351 1480 10
948 999 10
72 1017 10
377 688 10
168 204 10
626 904 10
587 874 10
797 896 10
240 503 10
113 799 10
85 344 10
562 1301 10
214 503 10
84 190 3
494 1298 10
259 975 10
799 1178 10
448 1344 10
1041 1279 10
1323 1474 10
263 635 10
242 1164 10
741 1257 10
227 289 10
169 412 10
495 1254 10
33 261 10
233 1467 10
553 1014 10
1164 1342 10
4 602 10
588 1256 10
358 919 10
583 715 10
42 493 10
128 729 10
1040 1342 10
587 762 10
171 1070 10
239 927 10
989 1233 10
177 520 10
711 1001 10
688 1181 10
1318 1354 10
1062 1315 10
191 846 10
583 1312 10
527 857 10
1232 1483 10
2 657 10
119 1249 10
344 926 10
460 760 10
487 1488 10
340 1171 10
1 1468 10
111 706 10
1128 1202 10
162 239 10
224 606 10
728 1006 10
582 1266 10
258 1191 10
9 512 10
528 1252 10
616 830 10
472 1189 10
293 581 10
995 1171 10
509 1243 10
402 1395 10
76 1336 10
298 357 10
193 1271 10
682 1129 10
356 1350 10
505 929 10
389 789 10
772 1271 10
366 1315 2
493 880 10
191 1357 10
475 697 10
283 1288 10
1000 1040 10
924 1222 10
475 1098 10
723 873 10
698 1308 10
159 1211 10
655 1307 10
249 298 10
21 1056 10
135 1424 10
617 1031 10
556 992 10
293 1097 10
702 1069 10
722 1076 10
880 1490 10
123 484 10
1020 1285 10
92 873 10
465 1457 10
147 861 10
587 1236 10
613 1187 10
1254 1485 10
542 1063 10
298 1316 10
610 1190 10
869 1169 10
81 1472 10
468 1483 10
281 519 10
479 1154 10
1240 1245 10
406 993 10
26 755 10
902 1342 10
1355 1491 10
662 883 10
741 1453 10
943 1023 10
379 573 10
895 1282 10
745 1439 10
353 1406 10
560 1404 10
1185 1189 10
755 1047 10
236 376 10
1312 1443 10
446 883 10
272 1294 10
139 246 10
658 934 10
172 1141 10
937 1429 10
118 181 10
515 1179 10
119 320 10
1132 1493 10
573 1352 10
372 1387 10
845 921 10
330 346 10
171 717 10
1097 1151 10
54 306 10
2 115 10
220 396 10
337 1065 10
737 767 10
265 1273 10
109 465 10
1423 1425 10
338 363 10
371 509 10
158 1173 10
35 178 10
745 1088 10
576 1314 10
14 891 10
31 1265 10
1055 1249 10
291 1395 10
185 251 10
505 1140 10
444 976 10
500 1233 10
821 980 10
465 1075 10
411 739 10
924 962 10
28 1345 10
695 1069 10
834 1490 10
1030 1087 10
766 796 10
1361 1474 10
1253 1281 10
497 1226 10
65 568 10
187 388 10
43 1339 10
663 776 10
453 924 10
1003 1321 10
338 384 10
596 1488 10
300 1055 10
503 997 10
50 563 10
337 972 10
115 1212 10
145 1077 10
328 587 10
714 1225 10
144 648 10
946 1104 10
123 961 10
468 738 10
375 454 10
675 919 10
283 1249 10
543 659 10
256 1344 10
1163 1179 10
417 1155 10
261 1375 10
715 1426 10
1141 1415 10
1001 1128 10
204 1024 10
105 1479 10
635 970 10
104 308 10
479 780 10
329 1229 10
92 472 10
175 1194 10
1125 1235 10
36 1478 10
382 1415 10
895 946 10
309 620 10
563 1196 10
794 1216 10
68 1276 10
932 960 10
107 299 10
476 667 10
766 1307 10
237 412 10
386 805 10
427 1115 10
724 1221 10
91 956 10
865 923 10
53 503 10
972 1162 10
1182 1366 10
957 973 10
103 994 10
355 436 10
282 440 10
923 1013 10
604 1074 10
216 1125 10
48 163 10
141 422 10
266 1252 10
88 1007 10
663 879 10
1328 1373 10
268 568 10
309 1404 10
213 429 10
68 94 10
378 430 10
94 402 10
1046 1431 10
429 1305 10
303 922 10
65 734 10
137 1455 10
452 585 10
317 721 1
1284 1356 10
1126 1498 10
561 1057 10
1019 1252 10
133 1393 10
389 966 10
175 434 10
1007 1337 10
675 1400 10
989 1231 10
732 1197 10
581 1176 10
1042 1104 10
177 1387 10
18 1219 10
734 1428 10
596 824 10
200 270 10
556 1101 10
497 1237 10
93 256 10
863 949 10
105 961 10
1009 1188 10
369 822 10
1108 1336 10
11 637 10
122 1430 10
33 930 10
493 1069 10
136 262 10
345 598 10
64 704 10
22 1120 10
369 476 10
420 1282 10
130 991 10
916 1318 10
865 983 10
697 952 10
801 821 10
168 1012 10
196 279 10
529 1080 10
765 1411 10
258 548 10
853 1041 9
3 344 10
233 1116 10
4 1138 10
654 1462 10
769 1324 10
642 654 10
15 1352 10
725 864 10
394 1480 10
58 1458 10
1239 1436 10
105 1319 10
1076 1400 10
1337 1459 10
103 155 10
975 1340 10
340 1099 10
61 697 10
246 1169 10
481 725 10
423 629 10
643 1481 10
185 639 10
104 737 10
504 1250 10
251 769 10
156 830 10
872 1415 10
957 1005 10
562 1327 10
163 562 10
48 1431 10
230 634 10
592 919 10
845 962 10
244 429 10
411 713 10
555 1441 10
112 983 10
859 901 10
921 1398 10
1209 1440 10
275 1132 10
677 1268 10
742 1476 10
4 51 10
549 1099 10
315 769 10
205 1154 10
654 1352 10
1316 1369 10
606 648 10
244 1178 10
622 899 10
129 833 10
150 1105 10
612 878 10
292 941 10
652 1477 10
162 1390 10
980 1124 10
358 814 10
777 940 10
848 1186 10
862 1376 10
457 1428 10
342 1427 10
883 1297 10
124 400 10
524 1038 10
648 1451 10
461 704 10
1362 1420 10
782 1083 10
448 1248 10
322 1013 10
584 926 10
608 1156 10
583 689 10
365 1111 10
434 1340 10
12 295 10
560 1374 10
480 601 10
620 712 10
955 1288 10
472 661 10
314 640 10
232 440 10
422 915 10
119 575 10
294 477 10
274 430 10
38 1189 10
1458 1488 10
1135 1379 10
1270 1437 10
90 267 10
1248 1463 10
72 1292 10
211 280 10
672 722 10
710 835 10
338 1329 10
733 818 10
600 676 10
1043 1463 10
562 916 10
939 1403 10
378 707 10
390 818 10
396 858 10
810 1202 10
86 715 10
311 1229 10
598 788 10
516 1495 10
448 903 10
250 1015 10
696 1204 10
598 890 10
200 963 10
14 1267 10
204 1309 7
1052 1214 10
372 739 10
992 1362 10
295 375 10
582 621 10
827 1067 10
503 857 10
519 1093 10
45 1042 10
195 1066 10
598 1214 10
49 888 10
880 1265 10
634 1474 10
802 1108 10
294 1117 10
223 1246 10
379 1067 10
128 1245 10
213 569 10
410 632 10
1184 1261 10
454 867 10
856 900 10
55 482 10
212 1497 10
252 732 10
100 793 10
1081 1382 10
167 184 10
339 1034 10
423 1378 10
671 1031 10
227 493 10
81 881 10
617 995 10
835 991 10
434 1066 10
837 884 10
1042 1304 10
69 999 10
709 998 10
324 710 10
26 654 10
610 834 10
563 1209 10
69 1289 10
549 575 10
583 1485 10
373 1396 10
288 528 8
247 883 10
154 532 10
582 1480 10
300 388 10
108 1293 10
545 597 10
1131 1261 10
58 675 10
192 1387 10
680 730 10
291 822 10
473 611 10
290 1114 10
203 455 10
669 713 10
357 670 10
258 682 10
214 1327 10
130 659 10
273 1470 10
1294 1484 10
1278 1432 10
589 701 10
1028 1295 10
111 704 10
713 817 10
641 868 10
742 1102 10
223 1285 10
358 1294 10
711 1292 10
660 819 10
964 1222 10
627 668 10
645 1272 10
864 1263 10
684 1381 10
960 1232 10
482 803 10
630 1362 10
943 1177 10
510 1498 0
33 1347 10
157 548 10
394 1230 10
660 1474 0
975 1037 10
88 893 10
1121 1221 10
416 1012 10
312 734 10
655 920 10
26 377 10
1109 1462 10
150 251 10
306 743 10
198 540 10
443 808 10
33 338 10
136 867 10
207 748 10
47 749 10
107 763 10
726 1272 10
265 1258 10
284 1486 10
145 1428 10
58 985 10
162 831 10
351 405 10
603 1480 10
78 404 10
366 701 10
750 1232 10
10 181 10
433 1019 10
520 1005 10
737 1430 10
301 1440 10
207 1021 10
60 468 10
498 1259 10
1084 1113 10
400 655 10
956 1127 10
20 896 10
1210 1224 10
323 443 10
475 1451 10
446 588 10
420 1207 10
36 186 10
493 754 10
213 731 10
364 1466 10
44 879 10
970 1278 10
1027 1034 10
508 908 10
700 1354 10
1234 1306 10
263 580 10
609 1273 10
364 1386 10
1048 1440 10
1048 1304 10
819 1399 10
972 1107 10
399 883 10
42 883 10
1375 1397 10
251 1359 10
888 1171 10
839 1034 10
1083 1343 10
237 357 2
112 785 10
1357 1477 10
585 1113 10
399 1376 10
876 1385 10
15 1151 10
354 651 10
368 442 4
724 740 10
421 590 10
152 265 10
500 989 10
100 1429 10
1111 1198 10
138 1030 10
168 751 10
794 1481 10
310 449 10
719 1186 10
635 1261 10
392 1231 10
1170 1219 10
1138 1283 10
352 747 10
54 1418 10
405 1467 10
946 1418 10
1179 1462 10
368 1417 10
556 1070 10
98 561 10
340 603 10
177 1055 10
637 1279 10
147 1455 10
929 1495 10
437 804 10
527 626 10
232 1230 10
292 365 10
76 827 3
164 1282 10
104 466 10
1229 1262 10
342 907 10
491 931 10
770 1396 10
168 366 10
251 737 10
259 608 10
374 1309 10
698 1293 10
808 939 10
1022 1355 10
269 1420 10
1380 1491 10
478 962 10
301 807 10
53 1360 10
240 989 10
674 1342 10
234 436 10
728 1420 10
499 659 10
304 1244 10
226 818 10
398 491 10
687 1359 10
138 465 10
331 462 10
469 536 10
173 739 10
1097 1287 10
44 602 10
51 496 10
41 870 10
999 1149 10
247 908 10
158 408 10
1113 1329 10
606 1141 10
515 611 10
148 1473 10
166 1094 10
388 1294 10
1242 1256 10
1147 1343 10
382 1336 10
982 1288 10
430 1197 9
228 1366 10
908 1298 10
724 772 10
293 858 10
22 1077 10
108 1151 10
189 390 10
1162 1399 10
145 576 10
410 791 10
64 1156 10
873 1118 10
663 708 10
937 1113 10
709 1396 10
1008 1155 10
64 1268 10
425 1130 10
830 896 10
241 377 10
439 1398 10
201 1148 10
760 1213 10
530 585 10
12 777 10
262 1231 10
267 294 10
428 1231 10
635 672 10
250 339 10
262 265 10
66 1324 10
302 1489 10
431 1400 10
200 1236 10
729 791 10
153 501 10
843 1300 10
668 905 10
507 1001 10
17 684 10
1210 1287 10
445 561 10
417 1073 10
520 611 10
1016 1153 10
1410 1482 10
191 730 10
1228 1451 10
1274 1441 10
905 1019 10
766 1341 10
492 1003 10
91 215 10
282 410 10
223 690 10
679 1389 10
277 1058 10
58 1050 10
196 1162 10
6 261 10
710 1328 10
92 1362 10
642 1315 10
1079 1491 10
266 824 10
240 931 10
426 1160 10
338 617 10
403 1338 10
778 1139 10
879 903 10
303 357 10
1398 1479 10
130 1130 10
459 1237 10
498 886 10
1057 1335 10
620 1025 10
1341 1411 10
618 676 10
276 1259 10
636 1005 10
83 466 10
224 1028 10
11 1229 10
50 1041 10
413 1300 10
728 1242 10
568 1340 10
39 199 10
776 1037 10
381 1265 10
232 1226 10
203 486 10
122 920 10
105 184 10
369 473 10
1022 1200 10
482 1126 10
319 946 10
1059 1399 10
144 1439 10
344 514 10
1239 1497 10
244 1302 10
488 1261 10
1209 1235 10
487 962 10
912 997 10
622 1160 10
23 430 10
841 1405 10
278 709 10
1198 1320 10
202 1092 10
715 1312 10
1193 1390 10
248 441 10
69 341 10
151 657 10
166 485 10
371 941 10
220 485 10
674 775 10
59 613 10
686 1369 10
26 1273 10
847 1005 10
600 1195 10
708 958 10
104 1087 10
10 1214 10
273 1031 10
201 1204 10
1045 1065 10
74 704 10
1086 1301 10
1222 1439 10
397 1416 10
178 884 10
489 849 10
639 957 10
636 847 10
785 1099 10
979 1128 10
529 585 10
331 1483 10
141 1403 10
17 319 10
274 1254 10
1044 1431 10
857 981 10
358 1102 10
78 284 10
306 890 10
221 305 10
737 1220 10
246 808 10
1346 1392 10
963 976 10
221 1032 10
1031 1127 10
1039 1339 10
128 390 10
214 821 10
271 1018 10
669 1222 10
773 1209 10
70 1008 10
583 693 10
237 1043 10
1226 1306 10
905 1481 10
892 1034 10
128 1059 10
989 1002 10
225 652 10
97 1448 10
484 1030 10
14 1262 10
1037 1421 10
154 1169 10
1277 1371 10
745 1344 10
104 1143 10
165 1224 10
589 1012 10
636 1327 10
1201 1278 10
227 608 10
319 363 10
717 922 10
481 558 10
230 668 10
288 1007 10
439 1483 10
657 659 10
1071 1190 10
242 588 10
384 619 10
1088 1450 10
914 1371 10
344 948 10
273 1336 10
1324 1412 10
746 984 10
58 1304 10
502 865 10
374 1309 10
1263 1410 10
559 647 10
872 971 10
537 1084 10
399 1259 10
971 1292 10
417 658 10
337 1196 10
812 1291 4
1375 1497 10
88 1296 10
708 1269 10
47 1072 10
214 714 10
931 1365 10
56 828 10
280 291 10
240 1140 10
435 602 10
867 1148 10
312 1437 10
181 511 10
681 1368 10
937 1364 10
608 1291 10
771 1173 10
307 1140 10
207 1166 10
1291 1363 10
862 1183 10
399 406 10
82 938 10
160 270 10
345 347 10
195 667 10
20 378 10
775 800 10
751 969 10
313 823 10
74 914 10
1083 1305 10
161 1071 10
599 1231 10
111 1419 10
185 1249 10
636 1397 10
681 1186 10
222 909 10
86 1471 10
972 1332 10
89 823 10
492 1352 10
317 1286 10
136 1375 10
1223 1431 10
874 1178 10
82 496 10
1448 1491 10
113 1440 10
268 1380 10
819 924 10
848 1195 10
33 975 10
426 793 10
594 1410 10
301 417 10
197 1362 10
379 971 10
934 1226 10
2 1422 10
369 445 10
527 1459 10
913 931 10
428 1298 10
964 1101 10
279 493 10
564 1215 10
1026 1193 10
227 886 10
22 1265 10
750 1000 10
469 1172 10
668 1226 10
436 696 10
607 681 10
173 437 10
93 466 10
20 385 10
1133 1491 10
132 1444 10
764 1278 10
113 1068 10
739 1396 10
1001 1353 10
933 949 10
171 929 10
41 220 10
375 938 10
370 1389 10
497 588 10
577 1415 10
135 1405 10
995 1496 10
376 951 10
1035 1432 10
469 1254 10
568 794 10
1066 1227 10
69 1057 10
627 1326 10
177 1338 10
341 633 10
1301 1327 10
706 1171 10
192 1369 10
710 823 10
565 1358 10
692 836 10
858 1408 10
361 1339 10
32 993 10
30 248 10
192 1092 10
577 1036 10
337 1020 10
549 1405 10
497 498 10
181 1398 10
796 1380 10
652 1119 10
36 1177 10
614 1033 10
720 1000 10
329 1409 10
125 188 10
519 1462 10
66 1362 10
1103 1219 10
444 1323 10
23 998 10
691 1098 10
436 569 0
872 1096 10
687 1001 10
68 834 10
64 634 10
91 473 10
1187 1382 10
277 349 10
858 1172 10
457 986 10
181 753 10
144 204 10
626 1338 10
500 1484 10
455 1238 10
684 1331 10
12 1478 10
591 884 10
24 838 10
390 1261 10
1295 1371 10
496 709 10
417 566 10
87 569 10
452 1123 10
115 377 10
228 1033 10
839 1307 10
181 510 10
113 742 10
31 1315 10
61 928 10
115 370 10
6 1160 10
874 1408 10
1040 1322 10
220 879 10
992 1486 10
959 1070 10
472 1374 10
