45826413584873116866058447504353136277200668679086
43649181609348318261791181836947451800055523207158
01976387055823420956861640199948083457055935537927
28402897775089417110052814942577171750391965652110
74295429570450616054389717826728664255303211003263
51606125979546702836208761537445627374889419660309
58993206058264377238499004271920525383592108657959
52472977001981301777763710231958868808004152635251
96255307238194421114279137875571059196385677772900
60705864733526945001239257601169472897718493056738
38779436918059246208541973452023453228656153299650
36080030437997032666464836539435054320967925134337
85130997507323418150929000253057344700239870438132
61006009861875626128209200377876086349364419524578
93353344727041728678472099296307187322061137958778
17904583735735365447984344981229522439114277381057
87139111187967584697773123299993073745003908373539
72700609947904885510714928413421603254048646542706
86739852959470980535397337174788636313245030286712
66866925159575568082590158963279932593817596220287
63354212607179896294382944786809455386120489414731
50977380332484523258622754864206215122617239374973
83090240203745466243063850596417804793182780041788
58205976138256409308823232320097558397205081658395
64385147453785168685717953496935222377490213878865
68583252555192539678413275240493341047657541683821
10683211557451431761967852615939335502822206274495
29725886383491628153415343607752603246151814334544
55763655353323669806174855636990175819840757061814
39869877943178429037019446092309451220467819123958
91623692171704537497347864547121160520543378692529
52418239750072381168939895614939358928039425057404
79714293002153803301115496661169848331645013505342
13945158551844843561435912931482447435878106060278
97583270882232522070933266390343956294531332306950
41337099528221496306316349583871015153645444373359
16470779040279393284407052706745012391204611537996
11798524742126643154168118824480745357027934158242
64608697523523513218414610162775240947436215299622
06634507720183561373510472779835237124744403904250
26646841774388733311871564984149555552710336161718
45451085616857877050959718665278754105729783972721
01574954816115923201343976308368752151438617125344
92264707573342756966151674819894107842753891928178
88320394876205162174337302577883731777479740655466
14304779504138882142771547672934407441289894127041
11893790954933694204006055739685913453391589498271
04894934441558090980585166500875458449283874604443
03685290470291121524562074273675482305387391959232
14143413153002861678505141199430412151887199712050
16671709184567168439805241451365134228443957809853
45235316192544018902053142490321543391165357973467
24018376632087668963676906831624394388271979922509
53201785111648818309888588211700467360849226882311
64575905779117927995511659799686918203650030982015
50132701682880258487727566128123846776283636088594
58854314237745903814410773007928761076593559149394
91533379110995719869545339632446975522534467029774
63528462023958233395437734815023189111739210669008
22521459985188070040508183608352461515256135736986
49268551418608186807169513014653851878584534097751
47594630620264096614137200826623658783620829126151
15561748329299252300373600228054087203466556587267
41372878754854340426166547650126387302191077773962
11068033207658552590681286723097776941048600814460
83133446509980630322085518860325784252224304985823
18817176767287145920229621430757170811203682433641
76519709304926432933739944910315357834700971061165
06824799549115100372840985033327279130923361157380
98388029659179381726377038236454901104108846017087
83507697512701475000497821665184866412148696139355
75732333684254001245821988589175229126953531686849
78993665199465220404786028656285183965948909428771
42575266579224655040327539435349338977934271007708
41762730364420054875574275483832289076603733808414
91637152344780729599241429140919204326158802854492
93989718478553013170960978192990206981845806216134
60779629442945101957597957220124252959333440926973
77470442169688625339973395842809243843463981574869
11045507099681447290440125266895585524569347908979
06390618090022939641173449532913492506139716811181
53617419708780709755087427465218704123235948379776
35339686899270631149563931789145203387627600856596
18513194489154753063378240710515596091571209328846
53406129453826686505082926856905010810995323776089
15813034174827995304604431806810504548567567720728
67946351224906126230837418496566147777711647325044
77937783357943108906506079117463559551942555158936
07486874726209076684992098479421391517554893457536
16320159562491281544152801312196607144550650171373
06006008511531060110556829636054590901478011145382
78786883400445374589390570540767297014994006255039
10534205203907430008766605975146440452341199702061
55834570242715355670378427088678243451140300585175
72805406908460131487671542659688827433202904327709
29870377514579950638139462547937362032888811286122
44715003811757490263809784067280705465203529228079
47546597077859402178107345666325334028900507350679
35334512540837058686202943752124644973739275296515
50369873287688921643041659982081678070934305291987
