2000
772071142 481438084
17083545 699543606
373478249 453424114
830349329 692197736
436432644 320776028
751097856 504731768
831283334 87368023
406435991 674516719
56017378 197393023
834010784 787575737
317448343 560398107
114747241 696225189
759135567 177455405
255695671 467286369
403645805 420296141
762601904 980567828
305447278 375298300
816074056 952027178
952123873 359765961
422909478 197199790
322624553 117384393
728899803 564510912
121491120 584876226
853722130 998764015
750584006 911869744
425486486 213146966
300468731 672524514
328694680 166869996
892424660 584086547
365279016 851459954
265046275 359416477
702905115 230148639
306949525 751996343
453799128 107533625
39913243 475397561
246275768 470633098
663036671 539728452
863545290 308671656
112149791 428463442
208336265 164183446
490823899 944329260
7324968 591840724
681892787 273572620
32028173 885086477
781968516 619981942
403527262 403566654
416077063 314051316
864058011 720532579
373083065 755355740
164344524 30555262
692217817 209654738
676652377 859148430
521657679 191798737
867538483 177063429
947660213 305243411
329779763 816195972
39248900 406659988
68308051 319020777
696539803 786377921
84593422 178633418
242496966 517111496
216889208 643998421
84334701 802110355
781648824 689226109
239657046 581053981
84839074 766621085
416359258 558715455
22839248 206603123
35265446 697905949
112401505 789569588
589218778 560046372
120689538 201716709
134358203 18424517
183249659 801875794
392213796 99130830
776828891 137032471
472364671 196026250
433384664 977761407
459206999 929837810
863597127 813139660
608015983 181522596
218296103 989987230
778357315 671835234
169823766 29177805
558720335 992213336
94171912 411416833
826938618 399279430
990053946 320315740
521259080 755656599
66340642 104714019
746872034 236519170
332925087 532157746
568806065 496614791
540869468 699309115
26442752 914205007
903880930 601820005
994445274 601773122
295175345 313772535
469532204 538898731
126457873 76217909
206321614 39368758
548028708 510647979
52404102 756924122
417538594 961646051
228329290 267716784
401378637 744076662
647611026 252290779
674341207 145462745
642939169 204945536
933861547 442494211
844076848 382300164
27138852 518605061
535710399 970292092
570465219 945493243
309380093 947582445
653364209 276739832
980374882 199217473
115667725 208335512
474460155 147857491
978607520 937955162
786611621 919114032
128541844 492177219
192635468 681853662
394864094 812170978
302586476 98278129
349250505 645849235
242230398 546487213
645734507 954328152
46309825 929347315
133070312 762981752
800046209 406137346
109804030 107135671
642879302 796966855
471064475 200296100
885165155 283195381
336708233 28527827
160669973 544084999
90477997 678505409
180968098 230281076
733522571 300837667
121168119 955974313
135129844 505895255
959964351 267020298
173219170 987183544
920358501 891722527
855868539 12941714
463856707 55786137
717032598 528755820
63158084 380889756
599343206 131837679
390025285 749430861
477257197 393160669
813949622 157997528
242490488 27379278
868504447 838926609
118915099 776268297
963232460 120594598
724807090 252360985
440979422 345603606
972393260 771715019
483368025 36117690
687158834 9775564
269874305 392319025
810505951 96551239
197572799 610958019
36485406 35319165
48014538 165980781
693395072 461252794
414370787 438612472
648259112 190962977
612676317 975566236
893603935 787252184
547077560 797380977
673797866 863773502
165431415 348526861
99932234 108558316
282126397 844077637
292325060 122505318
240235668 731475624
249903204 579879431
71163109 533895108
425029025 259718930
423121412 707526012
58776841 439356599
697415477 884392694
132139546 143745190
727076681 439624358
920915052 932999346
735390370 462706290
759356514 230349634
133247466 308362041
723465264 363709272
101313795 791268234
608905920 593762927
832432346 414258738
161596324 86062602
681511233 290951382
486221821 838696384
758072157 426742895
371637913 238770003
749794944 245215837
952947162 173975564
631218994 723150424
475447147 882578046
65813399 992302667
683150655 915542229
214877330 27572283
495689272 286262927
624637172 576721693
836367307 873470363
921292623 874479101
576932251 655996018
800823854 563579599
174133392 806293533
223461882 385069022
962472853 259308411
799041219 327511042
186348205 130403776
260315288 794104045
40755501 376201321
468387263 53613047
379457216 661703791
177368535 491661953
482634854 274971876
621787930 954016632
376433431 702980589
514106720 105375981
726885990 905575384
431829361 804833353
246276676 261738702
708520441 232425541
222804589 584462694
479496513 983457228
46066310 266731832
209890403 622941207
886773747 128148990
278257844 277075481
993940738 788940272
485144248 711347099
15295076 106730894
390493027 218901566
617964712 665110718
622081823 849917930
663552100 423292707
740959423 846725273
497688648 29180168
781203980 35041985
290201054 596245159
869766735 176677395
798232390 554757605
227673009 375349553
38613917 534023942
395389404 556485052
834267094 953514623
377992993 214029339
54961704 532870249
443171352 152994750
847052899 360483466
534452200 358399065
5305593 152895899
138186739 229340861
491718373 278514726
21175750 813314536
15157214 142435888
590589289 121028897
736166600 285616745
600708139 10121652
30862014 267643977
519821476 766593710
366288853 190656185
635577921 278310761
598969171 34316656
443544120 55469335
153395364 51234158
294377143 401748553
53379047 661195694
748100225 221232736
591850970 713367222
67721642 714546765
862802958 275287061
732561265 833913454
848280348 903889373
218939159 610577462
798521789 137909729
898363646 492186840
481535814 769680383
351717706 656247261
525498889 463707866
882783380 711025718
728938909 775929015
50048470 335426042
402859723 361509864
37556925 937338668
749359944 35894105
304420483 577201021
724449163 966365947
688102540 536864515
46782627 603346329
110859949 605087399
885194132 524972050
170081168 148866096
209306891 738233893
326465754 479548917
550170265 331472990
327754574 530988860
665305384 151474694
832189453 151431594
169851878 900665293
821628482 193802278
36073727 206403203
627562798 108410241
31552542 623318845
207217188 55878051
713088203 70472727
401358773 687005685
124223145 33445287
810394767 326697072
858557148 848719184
351063828 834150985
240380737 72467820
863990 900764375
42071304 106028828
250561680 678320787
689900132 47770327
877781878 906784140
30052791 194369242
876303950 636112084
279043243 269443669
590553236 372626396
268810020 761130333
493275312 140874042
96205904 422405311
627321952 196438866
2896820 61734122
933416526 675085925
31077897 862048063
668123474 721327496
732864542 327688158
79358022 938760940
125700402 189691198
938964800 338224257
718755398 971690686
793439892 266630255
382073156 800522156
398182235 30243311
557344444 576322192
918321687 744755362
546775001 253045738
166934304 456586401
961757629 91668136
131799063 667136869
213569133 644901210
878742420 259703229
816565743 320382850
889334058 885319779
81894673 669794522
125955664 677373128
219984771 872966871
185913375 725370658
390770913 963497013
119929747 256784291
156836217 231020913
589710048 122640429
458355404 474465191
263224407 520242710
180317833 642154601
532273317 930482550
931500812 345936802
651756180 330661162
856504784 637875312
814456380 711059329
511971551 861113270
978817212 298567306
837582132 880615119
141704341 913592324
149513550 803623021
136025232 879628399
178877536 282275644
396946797 453589758
246865494 819534216
372430796 125846769
707464311 334197639
800829568 57574276
187688014 785170454
107082953 16723621
14867263 127703229
390762592 878449333
284630183 339815009
337800041 796726228
371139753 717632514
447759660 420407309
90629796 659880979
245594564 891024760
468478418 539718615
28137637 174259916
515786846 724601175
4216629 333844178
64855144 709572537
91907473 306622175
421908405 768957528
84710272 866004760
164474176 908950260
790562095 532419399
29099452 659102520
240497949 128703625
312745931 153035779
364446075 387781684
71539201 167586540
131448446 234042675
361662401 775289831
425075863 982652269
957835669 48012758
217105760 3859667
388063724 139803101
298443334 330666915
472785178 406043264
274118928 510817920
441722369 798701763
388467787 416457682
117309704 17731123
50725511 428571885
375264970 465020527
966812954 693930154
439076710 558939747
12173383 903226295
540283876 240977804
41453369 692712720
564323234 690386236
278477397 173226145
347142672 594899693
733879331 126924777
569280498 884144031
3631726 76118598
911400653 669779743
845144340 647943864
219034995 922277723
611332213 677730721
647482102 270857303
291963628 286884181
980060022 144431339
948665229 278897789
345062218 613779648
357951438 743412095
255098127 135478414
696671415 142565125
85182670 333047907
3433125 892418795
247480255 299847847
285148357 96920663
913484178 451070452
731927135 237035216
500339396 285628918
304100459 10464143
830380525 115533044
674251335 880084396
553242786 275958488
843280053 109731663
322104389 495308614
231817757 601663086
538738029 39507704
861934138 656887587
483992701 539293212
20858315 166959630
935802705 708017125
782393815 640019760
693422892 800075779
473788327 864489696
491010911 687008803
806243549 193157640
930693842 285018673
778023985 136722735
316075968 939646613
740264406 207020243
403173410 1479100
505500200 24812054
511298063 717707577
319036042 327825188
902939035 260120333
796851895 828166047
745243112 705268852
231672614 920755395
886251519 639138428
165624449 995335999
687022715 379728217
782127838 873092582
358061548 98562629
386913882 802857509
546220881 709337297
705242992 826147914
2831466 108142262
835306840 924617927
964172056 602832728
242089419 590210896
931859605 286394722
462235083 17875845
60152614 196525140
357420804 563250708
242993740 288054757
120344402 620426687
408868154 414035569
771025535 42566419
870563544 260233541
730221043 841473521
486731275 80572235
311115602 933022974
188213423 127682025
914909388 551405675
565184474 229956951
27385991 257375728
973515124 743660085
422781756 309605580
63747265 80719915
563701230 873894372
509675964 319378119
104255481 360914644
2873432 704559499
430195591 670811736
204777445 247690758
852624343 268948892
914260002 335218026
698899501 843639619
726076863 236817030
158388119 592481714
589161420 255590647
737218628 843178867
20171716 853651042
717250194 869415255
564484412 820204377
814309188 253598728
736728346 279407757
622415687 411216163
215654900 583991884
979870008 974852582
486702816 578436252
546763729 11601884
341119429 602646080
540736036 386684564
274692856 6843006
655169727 419892738
225393032 789304510
672598604 272498744
389792847 333452366
781543590 228604566
549688525 203071176
252150094 577784548
788235423 323441487
896630031 340483105
800073652 885156348
718016199 622138938
501356761 62758704
618965703 715096748
8698694 882137059
274941027 246214973
512306837 650652543
664071003 130261223
957788723 416464585
18820482 818345014
258186441 692694915
5856464 108969187
371525408 509690166
5197211 378622382
944754715 40684843
27101165 34094069
467813166 521742585
165879386 295687319
454799321 222804215
398919175 736366823
882338474 399882087
730968816 469568716
650696360 450426998
64486531 634789227
702271265 797952783
192878829 349763694
881486137 229884001
458193340 193339851
116818106 513584906
755018 25204379
654586815 580369742
495258798 342815436
398118391 167408321
576683883 646864071
229959062 149367912
250112342 749699864
541866648 470012449
944892141 248098736
572472090 573406310
807031217 677020713
662639917 710387065
684819470 811799590
551700476 756334495
875595443 724981031
948796747 928077909
52233803 375100695
253652352 324746388
405484796 401929797
893227610 226516548
279874193 370054887
615298348 632460856
451764666 714920784
304706077 831006857
686688981 238888062
689757944 473390097
149434593 802376769
887516783 202974618
172205142 434198708
665212112 463960854
852966028 310513564
591676442 358357690
994314939 218780285
669171362 102657308
150542023 902798115
503576459 417220251
283929122 128347595
81503590 315826663
694660090 158911891
277785066 85958018
35766385 419366895
70864030 311586832
670228853 963606051
651738512 982756707
792726875 764050653
310727379 925261472
131967408 224851689
97429229 390501375
448609148 772497283
6459475 453535438
574515831 65989604
535121166 175304776
614370056 533771535
278699627 364255039
810572137 165700211
214435676 309829545
908863592 463449937
620069714 504454643
483503059 71760848
777860812 445584807
477926196 435989118
727643536 567797812
616164175 532985903
716189555 503543894
207529990 342872724
361368630 413413453
319046337 486869689
885878819 738522921
134368111 425421960
802596259 679917159
14261177 728056355
944426596 950184650
379608395 439051748
264537105 824799014
263275291 403338691
3343422 434307945
682015077 739505582
933147221 923729983
295246607 900309714
224615749 434748037
589180806 160096316
752837037 378039879
154544201 932480421
770912828 492083455
867845522 654053471
6930028 704855724
151458324 418893915
254532301 616819668
456744106 873785462
271343293 727708954
433242395 884603794
851660146 58714940
222872317 507876580
254246242 196223579
385470957 949093584
952337905 251467073
61278796 550332143
265522864 823427849
732849344 973283918
172708310 193816164
821740901 291734862
943572056 286836565
620060152 453567097
840178050 860203695
670695340 494733054
256122152 71773198
155082480 646253064
248483784 684264393
535557724 835830303
61273441 769185127
473117795 898369327
598108632 802366247
933685681 704742921
176990698 472553003
709451913 592158208
497168699 345034288
125918254 363254511
682706 226747807
741625891 942947565
612159397 113170842
503010208 458970154
339830716 168870183
248376696 139548306
188356493 858710625
634658174 786908814
816065788 258625211
360467704 199596641
891649391 529749099
500547192 111033246
851913982 262608444
395914604 110906057
387299988 590653128
279149824 93568667
328819054 147041556
960768637 358848361
361242109 434657141
159899758 584195698
258674277 896269831
616220137 326193535
250945542 156669035
768147772 301050343
999929932 326292426
215956756 473777164
732575311 578639771
520701653 22930720
341759643 4377636
212343763 496330731
149756492 966817516
277805232 537738439
993170024 283753212
262476732 413754075
363899223 106066730
240386368 613662618
631021032 312179749
457246791 591211717
500463939 501302506
109808444 956251074
518360884 851113807
820286376 889840360
118332710 360842998
720724180 596611164
79502184 676174919
729012553 631326591
113965278 160462750
280182980 552942237
583283788 738614134
891991890 620247511
216771390 908423920
152014227 827606318
130539613 115897379
490993753 745647278
576206731 731596937
595590515 995254784
268501990 443342893
616996552 836275027
96334780 684999906
39506361 681299113
886175293 360299948
741837142 88513060
277024181 7721190
9677083 810841667
377933122 627878024
701081180 295341741
119966736 795270338
566606619 637146924
514942811 81539589
200464550 230474254
30129457 233699602
589895498 503961528
446362188 718172464
428626850 616426899
16046825 140967643
163489148 40335453
11220336 83329256
42265345 550391596
25398935 37928463
365365175 501662382
747455469 291540730
943499061 213387888
736065318 593591558
249248098 128618252
933841800 277103628
113524688 798856951
26772432 431829548
42403833 422168158
516751599 452348618
587043868 832666287
959323822 506886910
513756977 950278114
69418523 744097204
740218502 493424544
30497596 222124961
351602880 751809840
116004435 454135932
683770506 886071163
428705110 796291859
739662659 998780384
507837633 683568342
800686674 568717242
956211115 378318474
182395165 126274076
827523771 281284766
817772070 757059509
501695758 306848944
621089936 832722321
917889383 254443995
194608916 568138361
416707795 340024324
87876617 131155119
766609012 341745791
701772231 69756162
188681068 975394872
996744301 568358759
380515971 621648960
60918561 272247395
224946024 118424892
840971557 177641091
838399978 258693779
293971447 934193603
157169994 363787053
609941356 584369839
744094303 691179964
620884261 700726327
556869821 291539760
892401841 288553130
699512316 7843865
34754117 943225530
491030727 189664732
692153810 251956225
740591525 693069379
15761348 755268856
965321758 134824703
879519269 693953104
454873188 948465040
433775020 862813778
253482624 356037005
609204390 470722764
93465390 311263937
261280328 371765404
271691212 165358863
787662986 348725763
463273766 537656204
565794549 884326783
69582882 906641472
853910470 280613017
736424814 564279967
515584276 877091277
590888514 550802979
549536387 656985463
258997494 113011623
907845228 877102965
143452764 650476953
770645185 465516535
728805867 946075159
608872150 367255943
985325377 649473560
760001943 720663557
821217480 158827388
197196569 541475047
727136439 974132229
304396870 586570653
215273770 808866252
599806184 492870157
375143397 561094377
805457389 841245716
829008229 915950857
461204419 122124266
692918278 121352265
468554549 491322080
918636417 463320714
317482179 626213225
162057504 222225821
727096114 57451694
574732122 47828682
73710410 979338930
173697330 601289706
109033661 405297581
59889410 157046097
646737962 436496496
734737832 591043300
219193161 500151430
494853912 52565035
269082427 43236787
583144884 411563465
529762782 227622777
165771320 99266005
49554897 319786241
956134549 88269044
287919806 646700423
970174434 184734981
759661973 128466066
688683047 658440459
286049612 395353425
605200268 572466613
233842418 678117113
195638641 768284213
795126203 812369934
381140140 921377479
528080731 609460648
34177328 208554008
40836470 139274330
918012975 932114870
393376000 809253372
190876079 502658002
993475207 960483093
668564056 749644611
602231622 542698476
525273854 668348786
772051506 99221199
883632076 156724611
458319309 340477282
968211237 235930331
641271490 101199742
236144596 236196261
117387725 22996308
270799567 3730428
140813619 960787952
110287405 792797680
177376351 734320204
95651136 773914538
876515344 891163161
389134334 113983442
728636757 137711312
566311098 90622099
104726243 412693835
83414074 222345780
333860898 395067267
846681935 479807539
453779277 835081414
277624967 183386799
204614810 611685315
507815671 473554002
728350406 314053107
388250017 790354898
210713432 648759125
938980964 105200345
431774445 114586045
322420455 322598783
978527989 580322740
618222715 182277439
536424495 685447260
91278409 897001619
246827542 146316371
209840446 823532859
639458866 893125467
335591845 115154914
355572715 310849506
498829001 677763158
448423475 646318963
207264449 152322450
450486566 208360337
775265918 314765516
770207522 770827542
284848069 289351954
952843274 358374984
161946138 723192284
16380428 232343451
217933197 719392420
501830652 892686666
722513719 717592293
884877250 405649969
13313330 540836268
387911443 235438212
290303089 634595105
144447700 489560487
294907036 486737104
752036870 653692970
311633699 725497663
929873283 266445449
586531221 819732933
912410262 39622618
95003597 13899276
354796507 479079388
473347990 298658494
66466182 1705791
686470660 987678673
294380760 606794398
520057337 399798327
910876226 354466372
797754528 74374638
602577933 649771450
841184470 633043863
799970310 115861636
902241939 82980855
432946132 436592319
454704677 970635750
84586995 835725217
313567331 310447331
411359588 763736338
383287831 573652817
652190326 267684487
663848192 563390021
846536056 107666912
742891837 318736572
630919024 5943914
62950643 890715190
800396368 904680038
369305865 581651366
465023146 39114575
656706746 219846781
871200032 791780058
792227024 642257891
76034024 743893461
44402317 725898506
234253624 254900863
97823262 195414609
845373427 700072744
259449873 13408007
312336247 768124921
960108954 199172874
815436258 776213754
657725371 241150829
523985557 624841472
380298574 983756569
354022192 448339676
554663884 230523004
228491331 558347015
44125679 944803062
248198341 936137165
288003591 957368611
775913535 657161234
868022225 747834643
980638526 815776867
247908083 471718499
538659374 359109432
820234968 999642565
365054593 601305394
728704062 708634380
700184057 302140741
707969892 188208132
554961525 644359223
864500371 420119152
201125401 400922383
996069060 969304799
607699253 250792939
811863896 609020639
26416484 761248317
534363339 146963202
684972755 877943446
817815754 835273784
844097034 287681767
764416542 386528321
123981380 88907070
604409097 975947199
223260599 160589402
348602124 458451698
71098471 511135525
983904285 471634194
869929654 743281008
963904600 773782012
606999765 927793990
60851218 744720765
450323314 250903033
111711699 241864486
977694698 660882650
279151826 655355026
540432309 617158215
763859218 192580988
302934815 668416606
169653001 223668079
999083702 478446884
42237668 859895430
998703240 291355928
943175558 448726317
603006344 517837425
531916181 896157274
374477389 330089942
68012416 289108682
731226928 447474148
509713801 29902626
292790277 576351598
128695443 911566032
629012736 909334182
22251727 304748474
610004279 159613478
47548521 439618069
812430392 286885113
67323573 187190256
126385519 242979279
170254173 726353491
420892194 214106348
164578083 435146244
167296786 264984667
934988236 399825318
850379578 789459830
272621747 337102935
76135499 683542492
29540568 963942306
587811775 617739990
225015946 982610342
912530095 924550706
328468531 848698754
170873449 554009634
911909026 753577895
357671172 187306068
588289700 471503349
229233764 220452181
426893301 76412746
547206309 140696421
635538965 594437539
191271920 188140123
416670949 71316734
154075486 130360491
859524104 790711222
728776928 607398560
421462949 733618197
968701599 199523655
313197174 675006802
481265362 134889157
957596446 521258389
653804722 839089407
761555936 147768
518021462 496091991
558544371 593205077
836373273 519545303
53588820 858683551
39417707 882063361
490916206 936569840
409707923 63631960
542392947 921008048
856334304 433476781
456103457 809061213
626502091 165214059
25619989 457718138
713306658 815436897
163783718 12918387
839876388 532415131
994897448 243940011
443730173 784153452
755884961 971336840
276025559 985794273
46448184 173383433
214458965 696876827
853234127 646658079
556078804 9755056
304732808 929690219
795491173 117290064
931738832 586116442
46619431 421590073
53056031 95209350
652652315 78681729
972409845 993294638
837080926 184427040
127045270 751558187
284480754 172714194
297315220 947215811
994282098 964872095
833732078 747686686
607036761 886972874
706599792 283451756
999470178 284004233
216986960 418985051
821274515 763187138
268914415 286446135
963523683 444240579
857260995 711263437
179792566 822336654
474770068 139006423
491545869 740846810
66071374 831090897
627652584 939861618
610766431 39135596
617572404 138379109
752264745 147059451
937163294 973138913
264040009 834236201
948307980 538461639
452944122 963550913
74186575 787365644
249434369 193996386
343092028 519827836
133329997 472889627
602600620 665062539
200041550 129659204
392916496 949859215
594377631 937850732
571939423 693363449
83820818 686753694
973423654 149434701
111116695 321086596
837602606 877788742
82622899 519692204
593611548 601347217
19339244 574077675
350637387 387931584
545670907 416051571
241658429 450765201
771868488 258745390
630503596 502504530
950495078 224850605
280904187 26322716
683054912 152826045
698642149 195049476
618845831 329267086
812810712 184830920
952683667 761592393
516975313 881905832
256975224 951953939
481324889 330781235
553439512 472358336
673339266 956760614
309474983 779077451
313956203 464436466
571903985 380119675
948477950 648614671
14103247 211408391
686260354 711738937
692131472 956733055
225610900 336450956
961545656 453600469
894710577 975982556
354972106 269725987
130886682 20930260
149934144 451265201
761340162 573256298
877854049 272062108
574471064 684329003
936820920 606322045
349334897 893150570
947193382 646349840
617740863 225251251
484177846 420326508
888690693 261637041
863007253 320935991
326452367 206232415
857886859 23937881
117886195 50596769
22045531 720744611
734424582 766577527
435573454 908113072
7627328 89537865
891246279 53661665
72156791 226295808
825658018 789318616
775079179 571203542
795308882 341396729
313872315 427486976
534759169 550747590
355662508 425078894
95538436 692948626
256571503 89401082
202028136 802421451
656290034 638102765
558640080 219487205
493852687 390896266
636182913 287887756
450453388 90994494
598735077 518956201
386301482 284067386
215884605 972523500
875701965 644188926
703540361 856092481
215547835 682355919
771701935 813143883
150388892 106982435
926228748 809079190
710550490 991654158
304719486 500804448
9902193 738934452
967921178 927982081
137429494 788262209
488803665 626042306
258609803 167602798
858396551 829293467
46690459 340561244
521092153 42755878
954483751 262386977
57233937 105965811
562219184 18696714
82955216 842596232
305961897 517276167
311266300 997246550
406228130 570056436
839242766 851095430
506748037 983922220
642081681 11999940
978298834 891828842
171525992 688453187
970228930 249327440
266118256 619912205
319998296 402058723
543717548 661361013
984443864 295871149
751760424 311257826
371163956 642778981
194901607 813363559
592945657 68390543
606840889 205554165
759852104 748269834
84670395 272171749
757602874 62448596
227275589 731051036
209036779 925633656
538097601 33456045
716298565 959272655
545882123 181739840
524135074 659596112
832282267 319786025
268720317 125576148
69165764 115054316
511537483 235699279
579034890 861761939
836990439 906840662
882952600 50279578
100358856 598051772
738266040 50068195
437814116 909350223
214964229 465315341
55030571 247310226
852047535 936695319
805953202 515233558
32547483 659050471
734840280 38557839
119296003 262693433
950844451 683354874
65660960 566751649
741519093 36936058
79044417 397904078
565452435 605705287
908084052 944923366
898215087 267159451
989763151 779939967
690331048 208357798
8367622 568679445
135871946 250194433
819906039 398178260
569610317 877092038
264540880 763180690
6891588 912699620
174473140 426817027
505744175 870494817
988923760 361530488
637348862 4074512
778327500 500748186
544364859 54402405
883965653 846052215
435472178 639248619
135518595 285972897
178398941 85583357
735452647 346999282
616853126 679115475
527492642 219271664
10956464 707357177
25578001 287076227
871773296 233194581
971336260 8170233
51255109 151262391
457487833 676476664
980465178 146329124
121452729 548117817
350193429 309434212
954453961 164801286
884206185 362539914
569548803 126318259
171165117 381552074
170543143 321781273
691916 13954460
657441937 730930362
39918267 527000626
388747512 718726233
16398314 968383012
469773494 292282815
484909249 500257037
221836967 3572988
611433174 921798948
259678130 514202237
816719298 234980879
159682660 687135536
142212810 79740074
287446855 613817219
58768292 251295804
505214833 929725127
165207553 506067666
130525439 718770087
619557304 657655570
126095996 486530817
486146643 223171885
132710538 651118435
428279386 652139902
975140690 604643416
723563964 677310717
671832655 866846352
854061611 764561366
204087881 377366831
255046034 299303285
74438059 957562060
691466377 508400466
845667873 993784455
215755354 465441214
681689184 534683691
187746343 162548161
665048778 31579994
401015343 744439896
146822180 121243308
589848220 596867565
178172263 555780853
357128769 965527402
994646300 281276732
37477203 690723037
948854722 788612413
10039433 411664906
377513833 42073743
305952624 442912420
340488984 117927376
182722691 57413165
168467261 31617196
361358165 157079230
351505823 272354441
497525863 581027195
115955489 492998999
760893968 160274470
549301601 260752975
523012599 590151082
677276750 116951027
291973599 145061314
24227266 939358169
281585153 793174403
664536488 681801559
361989672 175800784
668920607 889935616
402495725 10516462
240403647 320084298
62764122 40218341
280533732 268994043
215273750 760758364
256534057 205004580
610605882 736864608
265085617 237031965
576182109 448348347
27878295 290585201
153946948 250858109
325449269 535336229
627930706 884756058
542004384 579938420
200044199 329980597
928008739 594220669
275446589 360690190
511807497 931168333
194764529 934327266
993812968 41760083
804323448 972491877
862985247 276493626
834763938 597097585
263025404 335006492
317517740 950211197
621940064 430009105
155295912 710032479
584538300 432863671
648116090 150277590
680000884 936053467
607266341 157889305
261179155 394920527
213258636 299865636
110668008 307760700
431817547 768374934
912017103 409390589
599468540 647515375
388307219 54798676
695899048 65936556
64617077 456679439
398692590 964697995
31065623 58612462
120289088 917554751
933068065 62157324
55445446 199175595
589525310 890660898
202617623 72385728
600856426 932125038
103095637 553470609
290973479 860363263
459909517 132549806
748720682 33563924
81597090 965733125
160828425 930149753
22719321 18276859
355538647 851410295
214163007 238632975
892518818 798257182
274628415 923309765
270452365 666153898
928966436 537285690
913065556 754047767
642438478 807999918
642331713 592873699
684906757 93564752
816708947 105287468
204176699 244581947
421319050 368603607
814523026 542663106
160359192 400219019
20054966 901892084
729635627 658063576
188902588 105826753
396056856 799171850
555515371 717319780
927658400 892207375
662280225 748951958
180760685 780609095
554849743 170810791
624256023 278374975
233312708 429987328
140801686 661875400
130355630 393782816
667399286 694469466
623408402 915134640
904861723 721540058
790268515 392399716
256293193 232810691
163919272 808574200
251682928 422880811
974402366 602282568
219147190 459617454
531764564 260826025
591798491 897665378
37551974 363997354
218383628 734346294
803659701 397370021
353111869 92554305
270041846 330062197
891499747 129772867
940716513 381518949
304305581 411757598
212086902 342341145
33544335 559533238
244146918 580893409
951736696 35140210
516511386 466749797
596062544 198880777
336812996 133343033
379606356 841484495
342122325 413849086
563865256 868571769
115922087 493577263
871539254 372454135
175540874 979031394
43865625 107295238
279979405 329654973
43702892 942255576
68059778 148662576
138044960 531541215
34753313 425368410
434373207 184118333
644610409 602860159
764503942 920247179
220511228 195839001
352744473 989056078
790234428 375955594
591118288 738716471
70113474 141647368
191743821 668047803
327376377 336872769
908732886 85762450
155265290 960768161
68788510 476539554
448679873 949295896
221967996 729858377
828279477 350659338
265769660 151557586
991497722 446659819
264182221 822035372
645445710 592072169
670434233 441834560
703790789 998895484
596015002 68427309
159841697 523089193
219755240 771017266
920842572 27188300
558855207 104210135
53132119 928316162
928821733 108064650
690192131 85099909
283555285 100142194
981344584 927729248
570985204 348202288
896874623 765035276
157694509 959366534
731172548 783918916
70100509 634536105
513259819 852901515
82357950 72042074
249941573 812272887
777326884 197505585
953704577 358777335
414397870 623896321
158333884 435882269
817403532 3365325
990973679 466277156
45760841 731307200
165467229 217348922
213088564 750015000
266257916 152552326
227566376 199581532
741371875 314791464
630338382 743060860
5767958 35028600
176706054 977606035
778034294 61600062
499642356 575895692
9225108 144042879
974762861 421952317
974410744 408595164
492728384 622558156
642737040 742638110
58430561 314045037
811130712 975857557
778148265 222558845
788834658 173162595
709775389 261398748
80959981 554227991
268323572 882031820
337310585 719332851
35988325 398774354
3957705 233724091
342159660 382817008
615339551 170777319
727308251 28536746
225514819 820793091
502001544 374599445
211459394 356216616
368630915 802551627
20866357 265086915
526061773 71287601
898514317 664596291
25464997 623135635
838538351 790820309
942346002 120862155
65105783 177282085
232515317 859365194
366454623 245200728
968794779 778930571
639098202 653127166
812996660 967759832
426897423 216133899
218690058 186741579
557792257 159316599
89213491 765933517
803540890 715990281
137430998 699719717
789310040 133008298
385445201 621293769
569010679 969432461
708807655 693210705
273880797 768461382
592981728 378983423
746649930 220686794
230980210 56318686
319000333 946619283
759329033 87469449
344440326 433967308
781764713 755481087
749496395 25213028
438594223 121972818
335329471 593391287
212095748 588277102
958716698 515713747
638568707 83189294
241119335 263734619
977402826 779524231
351892714 411462209
761277275 545778652
540032283 253247626
575990395 559159327
442615855 112170801
986520034 416297864
868262620 183184268
210174095 158387118
548485816 274975063
505260937 673119472
834634876 782057288
132959369 693239907
417621940 470496410
799333297 94924152
914731984 100751766
870223337 691664231
330465125 76630812
560199064 365457223
99115997 485982711
580821725 669921722
249229901 451698822
984764779 745897341
230752454 385831568
149494534 170230098
309977026 680392350
107487505 173895690
206374808 74720004
473672590 105724743
532640273 18634306
107456518 219269301
551661560 501388691
15489658 108887230
564015876 816735392
324311134 158204038
519899593 312674246
274808220 769130850
978820861 55367796
533453260 677506713
896649371 274850468
748922001 94736802
664894970 528462426
236046943 824465469
779695668 682747089
374064736 125801372
51244473 387983816
829917785 819623754
73859734 7070229
182971280 978334659
512418179 755779005
844601156 65386016
962949638 517003645
958017885 31292359
630611159 150055235
120612812 369547766
387602080 179262728
192987256 217845969
427962273 276328076
995791348 914672104
874391474 577691616
363194091 904196064
454908307 547874286
136486119 787212863
757147743 139417077
313088940 822572325
475969575 800396691
793420115 772128147
435815175 32863389
546598273 418211649
136765960 75199940
601220120 750230322
369324403 473735300
830514780 985512592
651172373 635717432
632195100 467645457
9882259 849958180
745631768 893812055
220956264 812748790
837610445 472064551
889103565 486169019
116051024 54839412
945315779 412021595
921853551 79956436
424969619 799701976
371279492 658870716
418657251 554598462
804383317 255533687
105609426 646810776
878028898 956932504
548413819 348693563
14471376 196425008
429067745 121026657
857632435 261150511
712855850 859408808
787777270 48492925
105597439 61563893
21488899 317906395
251126035 2102498
959645520 41819025
125050163 346054972
233867265 472021488
753197165 413674090
740607398 589430734
890575684 883405431
811037417 212117087
780056589 24023278
57847254 299984684
453248310 54076996
170171637 89343077
591903029 979143815
356054472 155512103
115639539 161902164
814202477 800266937
507930112 40436132
572998041 875484001
454905903 139901113
138656738 9683543
355183657 706467577
889579683 679361110
625444420 533956670
875575701 328529887
108759152 656042145
552254833 285820349
349248958 272451217
883653981 533874719
468489596 17588918
209334874 653935922
144032456 485857151
582319162 510042870
190030850 841167183
824648879 63422533
266542513 181228505
341408191 750954556
843536435 864342179
455765099 156923789
670703592 348224821
348220148 443391321
991022133 194089815
608036285 370535985
263546095 609842432
964778134 187169382
359859912 633212070
303855695 827947708
831506489 903163449
680954309 824309267
938281371 458951438
17410802 303077001
220097542 131655704
463428078 985102161
26648935 594661719
776538205 33831030
1047276 586791164
267355001 4641219
161612840 205051263
510106441 217060915
827694021 687006917
333006125 938786721
832099950 604875279
200433008 973969862
887186916 344860508
215560972 656446360
489783129 64494760
865957525 850919357
424570474 14417138
490801820 952761498
911202971 271195127
314798147 94939869
928570700 352035184
114432504 22974699
612648214 442738430
205379556 188303710
271121164 165459935
998390018 435368326
10403337 46693680
457482104 250911396
337302537 151990491
157863217 922612212
825649532 432534679
324955653 281653761
174582425 4165845
519037114 705849502
403661019 795980372
258890455 872108272
692537146 793045720
211712703 775025666
149293988 109973877
583176554 973156675
571413362 608968216
218537823 765686750
770959210 619320943
950123316 625666912
546441916 128857696
977198788 695700551
709482349 299034289
693321434 681179312
643588819 80735762
462740910 450301344
653809997 968897080
148114906 347315738
65233149 705472420
291303972 88000179
995263999 589116996
826250144 628299937
871209295 389334576
756286082 61721179
836694281 112821621
626469534 696676155
23571184 953353656
994299483 270139916
561122328 131102135
807228597 390326149
194371464 302198781
184773447 880356165
351768602 582212345
938539690 756799135
260646312 856785258
768846328 792932085
601769316 243600491
306905562 150085235
42475755 288160890
72984816 773499839
732743159 511786566
100472433 569725288
164506043 600605839
470573555 406236999
786227120 533985414
434535023 252517214
147265229 729015215
889886203 486710858
979161903 932068281
756710597 518317142
950692447 119595161
737236294 588269325
259012843 285265174
393439032 156359052
621098658 723564849
863498677 220525866
380366883 148756221
356585127 446272953
499618184 770007763
388011494 752537784
351587413 752531015
551939918 865151204
603391037 233586594
308649645 377704560
365439908 719467192
130569942 475924755
490665837 732618143
900534344 985085076
689055049 450297867
265194563 507131455
153604347 921761161
585695830 424232871
359443522 575582136
514391824 886848858
806159731 152257969
829728656 513880456
596995966 192382055
141724766 266263529
251403602 935980152
686743251 820935392
956093412 153635764
193092729 551637527
911692568 374289235
877781709 726755315
239033106 392567654
480270844 198809222
244558232 778395001
83334805 351017346
967350364 878001955
291879364 386985823
704547078 51946782
871655348 381606458
955948416 477290438
554446628 161961494
816118799 496126206
546012157 112814534
594182306 835999354
429492599 688012251
220789599 302650306
977805681 81039530
999373220 301673561
242530671 858239384
946931149 661918294
365861735 116984954
43164598 753274842
935524253 939139929
780755037 675430608
519475770 242362285
696307518 175954543
765234689 477515760
259442748 173515237
39241374 386569054
190898780 182818261
163496291 575462986
440810373 586979941
137067290 329049211
624348670 415123983
787713723 218994611
311012802 135654363
955359735 996401241
666772369 287499567
197613866 960114950
925521727 743524210
213728461 832113225
733078246 231867086
745732704 56504968
430523212 955687020
849209422 150165094
500092809 986164633
673737064 618281787
535427176 408948340
386720204 266153740
752779034 905427987
264725936 632879886
981914121 833958498
212963329 195221480
335117352 732328760
140470577 258930164
941044944 440878461
17408405 866608904
496762674 810487218
450703285 132367199
899197165 512996399
285455886 48668769
950950971 460383509
491918706 283905881
377942604 505687351
137329879 202400268
349931821 890025788
169887418 597359280
970286368 996932539
82549500 870321558
843255076 498820759
19281764 811296241
233851326 641820821
260744025 947028581
457144165 737132577
334637773 366552600
519277116 131362283
463884458 851112228
57872495 647615117
481980201 279804608
498252773 527205165
644133117 633031272
584912100 722291342
179462262 491888753
